targetfeature	centroid	sd	percentage	percentage_sd	targetstrand
C>A_-1	380.560142857143	29.5733648447649	0.584364247903615	0.0454110012040266	-1
C>A_1	123.897238095238	17.2154352735009	0.190248815373283	0.0264349409015993	1
C>G_-1	28.8357142857143	3.46884219870735	0.044278311346074	0.00532653616147311	-1
C>G_1	8.9417619047619	2.24353838043044	0.0137304078435005	0.00344503659390122	1
C>T_-1	38.8607619047619	6.92602743845998	0.0596721446784884	0.0106351726290863	-1
C>T_1	16.8442476190476	4.24007265282935	0.0258649684580921	0.00651078919674839	1
T>A_-1	33.7700476190476	5.96785396500402	0.0518551636291085	0.00916386163741616	-1
T>A_1	13.3276666666667	3.29591799181079	0.0204651276655116	0.00506100461277025	1
T>C_-1	1.5072380952381	2.34955150300672	0.00231442013165871	0.00360782368499566	-1
T>C_1	0.622952380952381	1.42021586521442	0.000956566541209379	0.00218079426212627	1
T>G_-1	2.61312380952381	1.6812720920085	0.00401254876080029	0.00258165580397286	-1
T>G_1	1.457	1.6525841628697	0.00223727766865796	0.00253760442221426	1
