targetfeature	centroid	sd	percentage	percentage_sd	targetstrand
C>A_-1	42.6891428571429	10.5507591916184	0.53064183860088	0.131149840014619	-1
C>A_1	27.76685	13.5303346740217	0.345152217871001	0.168187065557508	1
C>G_-1	2.59819285714286	2.55916785400096	0.0322964984180578	0.0318114031916693	-1
C>G_1	0.742328571428571	1.36851703899838	0.00922741876797631	0.0170111730788528	1
C>T_-1	3.10484285714286	4.28232898326468	0.0385943453536787	0.0532309335134187	-1
C>T_1	3.1404	3.76976226292157	0.0390363337937898	0.0468595395550371	1
T>A_-1	0.214357142857143	0.740241958508654	0.00266453858733107	0.00920148139743743	-1
T>A_1	0.11955	0.575127002120896	0.00148605072762946	0.00714904140511174	1
T>C_-1	0.0694285714285714	0.574360222487055	0.000863022828019261	0.00713951005059229	-1
T>C_1	0.00303571428571429	0.0959977146836829	3.77350516366447e-05	0.00119328710795862	1
T>G_-1	0	0	0	0	-1
T>G_1	0	0	0	0	1
