targetfeature	centroid	sd	percentage	percentage_sd	targetstrand
C>A_-1	0.970333333333333	3.56924727101348	0.00946317771064754	0.0348090909160196	-1
C>A_1	6.60692380952381	6.34404422261934	0.0644340372348666	0.0618703035549848	1
C>G_-1	1.53553333333333	1.82057617091459	0.014975291804146	0.0177551726291326	-1
C>G_1	0.117438095238095	0.615194603284289	0.00114531525101825	0.00599968655875356	1
C>T_-1	15.7142380952381	3.55677486926005	0.153253137426313	0.0346874537937888	-1
C>T_1	18.989419047619	5.96968292144337	0.185194346000935	0.0582193442409854	1
T>A_-1	14.7730476190476	3.70042932335928	0.144074175486334	0.0360884441353212	-1
T>A_1	9.12326666666667	2.65714030724577	0.0889746758175476	0.025913765987212	1
T>C_-1	7.58020952380952	2.92036233590166	0.0739260080464643	0.028480839330937	-1
T>C_1	6.61257142857143	2.37351405139555	0.064489115650555	0.023147700378298	1
T>G_-1	12.6191619047619	5.09910592466773	0.123068400890617	0.0497290403956164	-1
T>G_1	7.89564761904762	2.28905755047079	0.0770023186805552	0.0223240381896303	1
