targetfeature	centroid	sd	percentage	percentage_sd	targetstrand
C>A_-1	0.204914285714286	1.6112022339735	0.00945087541171331	0.0743104441121753	-1
C>A_1	9.34342857142857	6.33095174608334	0.43092934706337	0.291990555862115	1
C>G_-1	0.261871428571429	0.867863439724958	0.0120778023683852	0.0400268298260951	-1
C>G_1	0.0767857142857143	0.483404044549291	0.00354144278708582	0.0222951337073868	1
C>T_-1	5.23318571428571	4.69332649332653	0.241360362063933	0.216461452652298	-1
C>T_1	4.75867142857143	4.55154067908546	0.219475233949358	0.209922132756324	1
T>A_-1	0.848414285714286	1.53575019688707	0.0391298131501842	0.0708305120050593	-1
T>A_1	0.1415	0.710656585688744	0.00652613782438792	0.032776274374655	1
T>C_-1	0.0203142857142857	0.321882726013112	0.000936917515020659	0.0148455903409983	-1
T>C_1	0.049	0.414883442822525	0.00225993465296826	0.019134887130151	1
T>G_-1	0	0	0	0	-1
T>G_1	0.743957142857143	1.40376918663929	0.0343121332135941	0.064743400605208	1
