targetfeature	centroid	sd	percentage	percentage_sd	targetstrand
C>A_-1	52.9838666666667	26.1870111914994	0.397568526596179	0.196496256508813	-1
C>A_1	39.6770380952381	21.1823300693941	0.29771971295459	0.158943246036459	1
C>G_-1	9.67388571428571	4.5493121105634	0.0725887469497959	0.0341361140024292	-1
C>G_1	7.18413333333333	2.15300340746629	0.0539066980930767	0.0161552269834891	1
C>T_-1	6.92026666666667	5.25117876541666	0.0519267542255501	0.0394026245346353	-1
C>T_1	11.531580952381	7.17410392313138	0.0865281063272592	0.0538314416407361	1
T>A_-1	0.478790476190476	1.11078365263148	0.00359264123482866	0.00833485073715182	-1
T>A_1	0.8014	1.4765080066398	0.00601336665779101	0.0110790916110423	1
T>C_-1	2.1768380952381	2.88926844881402	0.0163340723999427	0.0216798484595779	-1
T>C_1	1.50766666666667	2.02194255510402	0.0113128930177143	0.0151718017779277	1
T>G_-1	0.244257142857143	0.772578388479731	0.00183280229446523	0.0057971014746867	-1
T>G_1	0.0900476190476191	0.45236030218723	0.00067567924880761	0.0033943203874232	1
