targetfeature	centroid	sd	percentage	percentage_sd	targetstrand
C>A_-1	0	0	0	0	-1
C>A_1	0	0	0	0	1
C>G_-1	1.72186666666667	2.1033912320328	0.0418803682125605	0.0511600584400292	-1
C>G_1	1.7152	2.04396722089551	0.0417182171818475	0.0497147087417773	1
C>T_-1	14.6550571428571	3.08286251369987	0.356449893130889	0.074983400121448	-1
C>T_1	12.9691428571429	2.75706600728457	0.31544398226253	0.0670591642237563	1
T>A_-1	5.32650476190476	1.61281446696013	0.129554735586105	0.03922792922497	-1
T>A_1	2.3928	1.92427703650601	0.0581992479435195	0.0468035257270286	1
T>C_-1	0.406419047619048	1.32757801681772	0.00988519012092529	0.0322902215668424	-1
T>C_1	0.0309047619047619	0.327905523339144	0.000751685849519674	0.0079755327878905	1
T>G_-1	0.397304761904762	0.968501393043403	0.00966350649750762	0.0235565248693485	-1
T>G_1	1.49873333333333	1.48149995834324	0.0364531732145955	0.0360340117869993	1
