targetfeature	centroid	sd	percentage	percentage_sd	targetstrand
C>A_-1	33.6291428571429	5.34512734987543	0.0393651871103912	0.00625683322202261	-1
C>A_1	17.2889142857143	12.1734497561495	0.0202378439642003	0.0142498466126676	1
C>G_-1	11.0092857142857	4.35086819308807	0.0128871138326549	0.00509298560600045	-1
C>G_1	3.02538571428571	3.0000934685786	0.00354141868051406	0.00351181239560421	1
C>T_-1	23.5259285714286	3.96315358475247	0.0275386911909733	0.00463913942361638	-1
C>T_1	32.0116428571429	4.55839431255225	0.0374717939180181	0.00533590897034858	1
T>A_-1	299.377714285714	30.7880502799388	0.350441870897558	0.0360394960163696	-1
T>A_1	142.1065	16.653586691752	0.16634527337989	0.01949415002829	1
T>C_-1	174.717071428571	11.7084544520468	0.204518153715133	0.0137055381469653	-1
T>C_1	101.784214285714	10.1673557463518	0.119145309687554	0.0119015778389974	1
T>G_-1	11.8402142857143	3.797973716912	0.0138597719473326	0.00444578521200201	-1
T>G_1	3.97035714285714	1.81422538157852	0.00464757167578099	0.00212367356223265	1
