targetfeature	centroid	sd	percentage	percentage_sd	targetstrand
C>A_-1	0.405657142857143	2.37632297285635	0.00382881595255483	0.0224290474532555	-1
C>A_1	0.410809523809524	2.02409848740244	0.00387744696702476	0.0191045584049725	1
C>G_-1	0.0284380952380952	0.301075499406651	0.000268414434763786	0.0028417166943799	-1
C>G_1	0.137857142857143	0.687201818470987	0.0013011717827213	0.00648618995503057	1
C>T_-1	2.36440952380952	3.85244953622989	0.0223166017474085	0.0363615444728505	-1
C>T_1	7.32310476190476	4.15399844698631	0.0691195035717278	0.039207729484774	1
T>A_-1	2.31094285714286	1.99797372378895	0.0218119538449424	0.018857978470559	-1
T>A_1	0.0644666666666667	0.431760503853981	0.000608471972175509	0.00407519387726251	1
T>C_-1	43.8899047619048	4.46352441029198	0.414257139230684	0.0421292063203292	-1
T>C_1	46.9237142857143	3.89748234002581	0.442891907547497	0.0367865889238064	1
T>G_-1	1.7209619047619	1.72868340492924	0.0162433880697424	0.0163162678489819	-1
T>G_1	0.368190476190476	0.865515374152672	0.00347518487875686	0.00816921168550517	1
