targetfeature	centroid	sd	percentage	percentage_sd	targetstrand
C>A_-1	13.1901714285714	7.72348212692421	0.215080354168656	0.125939930369355	-1
C>A_1	6.3667619047619	6.57054080456962	0.103817104485655	0.107139945146225	1
C>G_-1	8.43662857142857	1.75679374539406	0.137568573005938	0.0286464677890512	-1
C>G_1	6.39733333333333	2.09378270631395	0.104315605488481	0.0341414460353974	1
C>T_-1	6.45731428571429	4.72350621226774	0.105293661350099	0.0770220004003712	-1
C>T_1	10.3816095238095	3.73265667509189	0.169283641635239	0.0608651012624264	1
T>A_-1	4.31052380952381	2.851468840045	0.070287864917099	0.0464963576356027	-1
T>A_1	1.4984	2.08434688618328	0.0244330715814828	0.0339875845373444	1
T>C_-1	0.222285714285714	1.04356709823775	0.00362461476820868	0.0170165173593988	-1
T>C_1	2.05704761904762	2.52767646721769	0.0335424397508737	0.0412165643742387	1
T>G_-1	1.95794285714286	2.18422606235557	0.0319264268426484	0.0356162251279191	-1
T>G_1	0.0506952380952381	0.329403081924427	0.000826642005620172	0.00537128208744032	1
