targetfeature	centroid	sd	percentage	percentage_sd	targetstrand
C>A_-1	157.17380952381	25.6832244257958	0.300536835190923	0.0491096767954689	-1
C>A_1	121.829571428571	20.7299852108582	0.232954039484948	0.0396384370125111	1
C>G_-1	34.660380952381	3.83736530494488	0.0662751716046071	0.0073375432440917	-1
C>G_1	28.6167619047619	4.44012182185399	0.054718983285612	0.00849009236491152	1
C>T_-1	60.5464285714286	11.3048444412639	0.115772672814257	0.0216163378682277	-1
C>T_1	55.4531428571429	6.51651611796127	0.1060336458483	0.0124604292311566	1
T>A_-1	15.187380952381	3.49997179708039	0.0290402543534204	0.00669240282677429	-1
T>A_1	14.706	2.90365970529065	0.0281197911516434	0.00555217628778835	1
T>C_-1	9.44812380952381	2.63819083120173	0.0180660457159445	0.00504456515650573	-1
T>C_1	12.3737142857143	3.24576851230301	0.0236601564996867	0.006206332972429	1
T>G_-1	6.16735238095238	2.55000620206844	0.0117927825996853	0.00487594463739698	-1
T>G_1	6.81419047619048	1.81153522795013	0.013029621450972	0.00346389176348445	1
