targetfeature	centroid	sd	percentage	percentage_sd	targetstrand
C>A_-1	9.43020952380952	9.00440306211251	0.0855768950714802	0.0817128033138791	-1
C>A_1	0.580904761904762	2.43013588785675	0.00527157172176645	0.0220529017260419	1
C>G_-1	0.463733333333333	1.21305335808474	0.00420826904297487	0.011008168978518	-1
C>G_1	0.100914285714286	0.572278851959071	0.000915772997193825	0.00519329365292242	1
C>T_-1	0.28907619047619	1.49088563063607	0.00262329726159156	0.0135294303752627	-1
C>T_1	0.765333333333333	2.28997074167854	0.00694521687943524	0.0207809365616533	1
T>A_-1	49.4487142857143	15.1238298024859	0.448735250596925	0.137245136793464	-1
T>A_1	27.3253333333333	9.31417443475032	0.247970861893982	0.0845239044018712	1
T>C_-1	9.73780952380952	2.77296822253592	0.0883682914723264	0.025164023134095	-1
T>C_1	2.73347619047619	2.52391636289083	0.0248056423923731	0.0229039370982128	1
T>G_-1	4.78538095238095	2.21807991234427	0.0434261871493955	0.0201285444866938	-1
T>G_1	4.53485714285714	1.75051838045609	0.041152743520556	0.015885535457803	1
