targetfeature	centroid	sd	percentage	percentage_sd	targetstrand
C>A_-1	122.720476190476	11.1522556525338	0.514780177380665	0.0467807844397154	-1
C>A_1	55.2709047619048	11.3698604239187	0.231846934110343	0.0476935793235824	1
C>G_-1	14.9987142857143	3.61103609685696	0.0629156685189029	0.0151473483494539	-1
C>G_1	6.8202380952381	2.76641051185297	0.0286091081572702	0.0116043657766537	1
C>T_-1	15.7707714285714	5.32596085534226	0.0661542455297282	0.0223410074581208	-1
C>T_1	7.6934380952381	3.99600477434152	0.0322719528987713	0.0167621908780464	1
T>A_-1	5.26037142857143	1.6714905595238	0.0220658770333091	0.00701146404766434	-1
T>A_1	1.47766666666667	1.77830044243786	0.00619842370555596	0.00745950346357375	1
T>C_-1	0.830561904761905	1.92810316851816	0.00348398912660133	0.00808788656880251	-1
T>C_1	4.21914285714286	3.06364861723393	0.0176981965505356	0.0128512015889171	1
T>G_-1	0.9854	1.47096235600796	0.0041334942834118	0.00617030088255819	-1
T>G_1	2.34625714285714	2.38260065071371	0.00984193270490573	0.00999438417838277	1
