targetfeature	centroid	sd	percentage	percentage_sd	targetstrand
C>A_-1	25.8772785714286	8.47326361022731	0.329359757372554	0.107845654600614	-1
C>A_1	5.57651428571429	6.91039358587893	0.0709765281947129	0.0879538220571195	1
C>G_-1	4.47795714285714	2.64416850182541	0.0569943579663951	0.0336543386434352	-1
C>G_1	0.857371428571429	1.61840375341768	0.0109124166559087	0.0205986524465911	1
C>T_-1	10.353	6.28486343252647	0.131770485782184	0.0799922252080266	-1
C>T_1	7.66744285714286	4.50145665557517	0.0975893625029319	0.0572934540937494	1
T>A_-1	11.9869642857143	5.53323004357059	0.152567188929032	0.0704256168053583	-1
T>A_1	3.2893	2.38642945748571	0.0418654166795459	0.0303738982804798	1
T>C_-1	4.66228571428571	3.67043653109799	0.0593404475443608	0.0467164304776835	-1
T>C_1	1.68439285714286	2.19285783893468	0.0214385458353864	0.0279101654291214	1
T>G_-1	0.740507142857143	1.25584297109457	0.00942499622712867	0.0159840662964622	-1
T>G_1	1.39541428571429	1.66673239185231	0.0177604963098591	0.021213767694705	1
