targetfeature	centroid	sd	percentage	percentage_sd	targetstrand
C>A_-1	7.619	9.48268706669151	0.0570381975075435	0.0709903370274549	-1
C>A_1	6.09146666666667	6.87717031508263	0.0456026091145756	0.0514846303615564	1
C>G_-1	9.4553619047619	3.41532234160739	0.0707857723886484	0.0255681625242851	-1
C>G_1	0.129961904761905	0.6350538029945	0.000972935134829516	0.00475420977072016	1
C>T_-1	12.6853428571429	3.05146769297898	0.0949664117780051	0.022844233752464	-1
C>T_1	15.6988095238095	2.8296728990083	0.117526158059109	0.0211838091213255	1
T>A_-1	24.0517142857143	6.97333048153257	0.180058594280559	0.0522045151976675	-1
T>A_1	11.6185333333333	4.18609841445361	0.0869799447453268	0.0313384313098333	1
T>C_-1	28.4169047619048	8.09074173166064	0.212737764321115	0.0605698024508445	-1
T>C_1	17.5290476190476	5.18741300632045	0.131227888202438	0.038834582964655	1
T>G_-1	0.0992095238095238	0.501110387594186	0.000742713271253046	0.00375146781213793	-1
T>G_1	0.1818	0.644679265590624	0.00136101119659685	0.00482626896965168	1
