targetfeature	centroid	sd	percentage	percentage_sd	targetstrand
C>A_-1	0.425104761904762	2.39014942333651	0.0141074410778242	0.0793190177541917	-1
C>A_1	2.75078095238095	4.75189118055938	0.0912868631013109	0.157695304417673	1
C>G_-1	0.890066666666667	1.65109645747692	0.0295375732774042	0.0547929547608274	-1
C>G_1	0.266838095238095	0.938117107715994	0.00885523532840034	0.0311321655440952	1
C>T_-1	0.507847619047619	1.92583526069546	0.0168533288832757	0.0639103813942788	-1
C>T_1	6.57822857142857	4.34184170435391	0.218303769527472	0.144087485021245	1
T>A_-1	6.17799047619048	2.98108903172656	0.205021548645324	0.0989298206738324	-1
T>A_1	5.14913333333333	3.63596074931655	0.170878102556128	0.120662261703284	1
T>C_-1	4.36149523809524	2.86585568177174	0.144739703236785	0.0951057099125138	-1
T>C_1	0.505809523809524	1.30236233739384	0.0167856930648634	0.0432199344331907	1
T>G_-1	2.5182	1.70357853611673	0.0835684784216455	0.0565346144607454	-1
T>G_1	0.00187619047619048	0.0593303522907782	6.22628795665239e-05	0.00196892513110973	1
