targetfeature	centroid	sd	percentage	percentage_sd	targetstrand
C>A_-1	44.9051428571429	12.8819665923145	0.369958901563285	0.106130342923729	-1
C>A_1	32.9529142857143	13.4526318713844	0.271488368520193	0.110831868993397	1
C>G_-1	8.80904761904762	1.7851791625549	0.0725748850488989	0.0147075118806224	-1
C>G_1	4.63818095238095	3.32599811112794	0.038212467909378	0.0274018192461607	1
C>T_-1	13.8756285714286	4.60917582463691	0.114316801554709	0.0379735040732306	-1
C>T_1	8.92344761904762	4.30966010579269	0.0735173895293653	0.035505891249972	1
T>A_-1	1.51640952380952	2.10010197880546	0.0124932060350731	0.0173020587802487	-1
T>A_1	1.734	2.29652544951093	0.0142858633665096	0.0189203280215831	1
T>C_-1	0.618742857142857	1.67350466065454	0.00509762163560934	0.0137874618946526	-1
T>C_1	2.16652380952381	2.20387617658547	0.0178492866915496	0.018157020723994	1
T>G_-1	1.20225714285714	1.51773363346126	0.00990500650188426	0.0125041149448579	-1
T>G_1	0.0364380952380952	0.273055398719828	0.000300201643545151	0.00224961483137212	1
