targetfeature	centroid	sd	percentage	percentage_sd	targetstrand
C>A_-1	19.7619714285714	8.96552147452086	0.0393524628138972	0.0178532466615748	-1
C>A_1	19.1742666666667	4.64978916588954	0.0381821529654086	0.00925923083658448	1
C>G_-1	6.98548571428571	2.53029925796912	0.0139103564541643	0.00503864241567015	-1
C>G_1	2.99110476190476	2.17859471911204	0.00595625488786757	0.00433828517464905	1
C>T_-1	15.671180952381	5.24967750271379	0.0312063787718473	0.0104538021146927	-1
C>T_1	11.3907047619048	4.69356031797623	0.0226825692561657	0.00934639332647265	1
T>A_-1	191.027047619048	47.5443297163507	0.38039650118149	0.0946761042508808	-1
T>A_1	85.309	24.3418551383876	0.169877750422061	0.0484724893271397	1
T>C_-1	86.2142380952381	17.6456625947684	0.17168037161344	0.0351382089381655	-1
T>C_1	56.4130476190476	7.60997358209228	0.112336583759936	0.0151539133373636	1
T>G_-1	4.85995238095238	2.60648065474023	0.00967773362288304	0.0051903441623497	-1
T>G_1	2.38077142857143	1.92257547188849	0.00474088425083907	0.0038284682293902	1
