targetfeature	centroid	sd	percentage	percentage_sd	targetstrand
C>A_-1	0	0	0	0	-1
C>A_1	1.05984761904762	3.17037684275261	0.0253741283942206	0.0759029388945149	1
C>G_-1	0.80527619047619	1.57179374512366	0.0192793577894839	0.0376307835024807	-1
C>G_1	0	0	0	0	1
C>T_-1	17.0540095238095	6.92367103166408	0.408295135561333	0.165761676074395	-1
C>T_1	16.2439142857143	4.6221841313745	0.388900403513488	0.110661090805315	1
T>A_-1	3.02279047619048	2.61915230261087	0.0723695296127643	0.0627059075437529	-1
T>A_1	0.836066666666667	1.50804658786718	0.0200165217762072	0.0361045937711248	1
T>C_-1	1.3743619047619	2.5519638547555	0.0329040088450558	0.0610973288463527	-1
T>C_1	0.041047619047619	0.358940787990072	0.000982733307385526	0.0085935086107634	1
T>G_-1	1.30829523809524	1.72088178552256	0.0313222870461385	0.041200144806065	-1
T>G_1	0.0232190476190476	0.246691136697467	0.000555894153922485	0.00590610618336117	1
