targetfeature	centroid	sd	percentage	percentage_sd	targetstrand
C>A_-1	3.58585714285714	6.11263359274044	0.0670440332653364	0.114286652703618	-1
C>A_1	4.35730476190476	6.05174091666259	0.08146763068525	0.113148154866717	1
C>G_-1	2.40565714285714	2.56954128615247	0.0449780766732384	0.0480421847838027	-1
C>G_1	1.85151428571429	2.22656293428312	0.0346173816795633	0.0416295891013942	1
C>T_-1	20.0647619047619	3.21559845234757	0.375146725318807	0.0601213827038796	-1
C>T_1	3.9264380952381	3.91258426703141	0.073411805262738	0.0731527830869685	1
T>A_-1	7.17800952380952	2.20550232904568	0.134205767302191	0.0412358232981637	-1
T>A_1	4.15973333333333	1.82276071049352	0.0777736783325166	0.0340797819992641	1
T>C_-1	1.83682857142857	2.57562263451037	0.0343428059009219	0.0481558865029068	-1
T>C_1	4.06228571428571	3.115379632145	0.0759517202475242	0.0582476120410248	1
T>G_-1	0.0346190476190476	0.281651488760865	0.000647265210999556	0.0052659799399229	-1
T>G_1	0.0220952380952381	0.224459656150677	0.000413110120913059	0.00419667601194548	1
