targetfeature	centroid	sd	percentage	percentage_sd	targetstrand
C>A_-1	16.4818095238095	9.5837462470913	0.481534843446013	0.280000065651333	-1
C>A_1	4.78587619047619	5.88641372396291	0.139824825593561	0.171978283508993	1
C>G_-1	4.77246666666667	2.62912259694308	0.139433051077603	0.0768128121060061	-1
C>G_1	1.15211428571429	1.86634715599019	0.0336603314946643	0.0545274585461853	1
C>T_-1	6.12986666666667	4.82987792623889	0.179091038603146	0.141110386436333	-1
C>T_1	0.0440666666666667	0.527377822217969	0.00128745787310958	0.0154079439330841	1
T>A_-1	0.0181333333333333	0.216963536183332	0.000529785993170658	0.00633883690250209	-1
T>A_1	0.1832	0.750298190082255	0.00535239672512121	0.0219208164599379	1
T>C_-1	0.362142857142857	1.28850943798038	0.0105804161713835	0.0376452712671066	-1
T>C_1	0.072047619047619	0.512128399642064	0.00210495327643699	0.0149624146784157	1
T>G_-1	0.225933333333333	0.720554235752333	0.00660089974579176	0.0210518129460317	-1
T>G_1	0	0	0	0	1
