targetfeature	centroid	sd	percentage	percentage_sd	targetstrand
C>A_-1	13.8715428571429	7.7512642578316	0.39957647711425	0.223278902514518	-1
C>A_1	3.78581428571429	5.67509460093362	0.109052204997916	0.163473834978889	1
C>G_-1	2.63478571428571	2.03801112897128	0.0758962722825834	0.0587058927489563	-1
C>G_1	0.00327142857142857	0.103451654882651	9.4235076599949e-05	0.00297997477536275	1
C>T_-1	3.4597	4.38371532069203	0.0996583258336204	0.126275032456964	-1
C>T_1	7.75658571428571	5.20982487518804	0.223432189632249	0.150071516301295	1
T>A_-1	0.888057142857143	1.50995816775242	0.0255809139814814	0.0434950727164225	-1
T>A_1	0.5254	1.34257862241187	0.0151344002060826	0.0386736242476444	1
T>C_-1	0.00582857142857143	0.184315612192671	0.000167894808964101	0.00530930003645415	-1
T>C_1	1.07	1.9505982171717	0.0308218656652235	0.0561879216976547	1
T>G_-1	0.0603714285714286	0.396121965292127	0.00173902809480954	0.0114104841133442	-1
T>G_1	0.654257142857143	1.32490959141574	0.0188461923062204	0.0381646592945627	1
