targetfeature	centroid	sd	percentage	percentage_sd	targetstrand
C>A_-1	2.60972857142857	5.66293261423305	0.0146531279179461	0.0317962859799028	-1
C>A_1	4.89174285714286	7.27167412459953	0.0274662026588367	0.0408290625668587	1
C>G_-1	0.652142857142857	1.34642083820898	0.00366165769540478	0.00755989607105559	-1
C>G_1	0.915171428571429	1.83945409790978	0.00513851293062478	0.0103281837394713	1
C>T_-1	14.086	10.7145644617918	0.0790902019895515	0.0601602348085463	-1
C>T_1	16.2730571428571	11.3717055590087	0.0913701104938297	0.0638499566681603	1
T>A_-1	4.44785714285714	3.4955546148402	0.0249738690791737	0.0196268721108349	-1
T>A_1	4.1131	3.44769270309507	0.023094271603239	0.0193581366098035	1
T>C_-1	67.8790714285714	12.5454608659203	0.381128032809095	0.0704403687304879	-1
T>C_1	56.9527142857143	6.91769220661526	0.319778622512449	0.0388415216472204	1
T>G_-1	3.02922857142857	2.57164011888606	0.0170085403653845	0.0144392685252828	-1
T>G_1	2.25062857142857	1.70292124602341	0.0126368499444655	0.00956157783049055	1
