targetfeature	centroid	sd	percentage	percentage_sd	targetstrand
C>A_-1	7.30231428571429	7.83876957407923	0.0205039254378206	0.0220102204017169	-1
C>A_1	2.37501904761905	4.75053861464551	0.00666873700041265	0.0133388793926242	1
C>G_-1	2.03075238095238	2.05154854727528	0.00570208207597729	0.00576047493980012	-1
C>G_1	4.04158095238095	2.77547883939198	0.0113482207497769	0.00779317473208091	1
C>T_-1	0.425095238095238	1.78013550666927	0.00119361078212272	0.00499838328916754	-1
C>T_1	14.8001142857143	4.98088516273932	0.0415567487117307	0.0139856618046349	1
T>A_-1	208.019047619048	55.1477444521769	0.584089765948797	0.154847517659371	-1
T>A_1	92.7983333333333	19.562711900939	0.260565354074537	0.0549294881710483	1
T>C_-1	11.595580952381	3.01525264309626	0.0325588461347053	0.00846642762160844	-1
T>C_1	3.11804761904762	2.20773173837651	0.00875506221604278	0.00619901652808063	1
T>G_-1	7.1634	4.44183687220092	0.0201138726346831	0.0124720860361684	-1
T>G_1	2.47297142857143	2.4372200571095	0.00694377423339422	0.00684338914641032	1
