targetfeature	centroid	sd	percentage	percentage_sd	targetstrand
C>A_-1	89.9024761904762	22.6071238586484	0.45333148282303	0.113995981150636	-1
C>A_1	61.0209047619048	4.87268758556597	0.307696722171571	0.0245704321182201	1
C>G_-1	7.35308571428571	2.63144213499772	0.0370777913070998	0.0132689956447261	-1
C>G_1	2.1576	2.27089615969076	0.0108796559203403	0.0114509495959667	1
C>T_-1	19.8394285714286	3.61857293281068	0.100039931643174	0.018246583440692	-1
C>T_1	13.2983523809524	3.60856641256777	0.0670566825232668	0.0181961257575242	1
T>A_-1	2.57685714285714	2.04241410215013	0.012993751886428	0.0102988332769022	-1
T>A_1	1.59313333333333	1.83625107221819	0.00803334376246363	0.00925926021926673	1
T>C_-1	0.00999047619047619	0.224399984391082	5.03767813462799e-05	0.0011315325448205	-1
T>C_1	0	0	0	0	1
T>G_-1	0.0246380952380952	0.263400636253266	0.000124237114721474	0.00132819257120609	-1
T>G_1	0.538628571428571	1.08067193468903	0.00271602406655882	0.00544926715433126	1
