targetfeature	centroid	sd	percentage	percentage_sd	targetstrand
C>A_-1	10.5068666666667	10.4734321436601	0.0132443407092214	0.0132021951078544	-1
C>A_1	16.0877333333333	6.37321389259121	0.0202792543453264	0.00803370013954886	1
C>G_-1	2.48379047619048	2.5565641771548	0.00313092079309905	0.00322265505801556	-1
C>G_1	1.34014285714286	1.94797200630321	0.00168930559053725	0.00245549941405037	1
C>T_-1	330.963095238095	144.889850113416	0.417192692605328	0.182639658529035	-1
C>T_1	367.138142857143	53.1826344720452	0.462792838780113	0.0670389139891135	1
T>A_-1	13.4202285714286	4.73254383787789	0.0169167540842143	0.00596556756630722	-1
T>A_1	23.1582666666667	7.31183432868518	0.029191954528309	0.00921687008418188	1
T>C_-1	9.8496380952381	6.17156139724148	0.0124158768674321	0.00777950881515055	-1
T>C_1	13.2840476190476	3.75691961592953	0.0167450923520671	0.00473575281662101	1
T>G_-1	1.02995238095238	1.55792154602851	0.0012982976448044	0.00196382464995957	-1
T>G_1	4.048	2.7955577062405	0.00510267169954839	0.00352391630239324	1
