targetfeature	centroid	sd	percentage	percentage_sd	targetstrand
C>A_-1	56.8401428571429	15.0884729996745	0.220316633210606	0.058484046740211	-1
C>A_1	10.084980952381	6.55865627078378	0.0390901383729095	0.0254218408915052	1
C>G_-1	8.23369523809524	3.47041295584382	0.0319144168637743	0.0134515794621353	-1
C>G_1	4.7628380952381	3.30089090539136	0.0184611156996451	0.0127944993505579	1
C>T_-1	13.251419047619	4.715581385225	0.0513634886029749	0.0182779451669309	-1
C>T_1	4.79763809523809	4.41582092995861	0.0185960030952486	0.0171160512842932	1
T>A_-1	95.6340476190476	32.1059220689667	0.370684701561822	0.124444948601461	-1
T>A_1	29.7896666666667	8.2333504151748	0.11546696990121	0.0319130803044156	1
T>C_-1	18.1247428571429	6.99222810842324	0.0702528551719128	0.0271023976727177	-1
T>C_1	6.4277619047619	3.19248386098282	0.0249144845658771	0.0123743055607493	1
T>G_-1	8.10663809523809	3.64624089801847	0.031421933901337	0.014133101680361	-1
T>G_1	1.9394	1.76391222228183	0.00751725905268294	0.00683705533726212	1
