targetfeature	centroid	sd	percentage	percentage_sd	targetstrand
C>A_-1	46.0561428571429	7.7427998779479	0.313625454072848	0.0527256295658287	-1
C>A_1	47.9332380952381	8.75772474056592	0.326407784721154	0.0596368959277498	1
C>G_-1	9.06871428571429	2.06388887878457	0.0617546207578902	0.0140543268847431	-1
C>G_1	6.13297142857143	2.76887313810465	0.0417632878000162	0.018855011326106	1
C>T_-1	12.2084	3.37075244522163	0.0831347298313572	0.0229535888291575	-1
C>T_1	8.03952380952381	4.00273249739187	0.0547462107956428	0.0272571413746164	1
T>A_-1	4.30225714285714	2.78536891416832	0.0292967944396035	0.0189673415156814	-1
T>A_1	6.76886666666667	1.76344688179284	0.046093501326776	0.0120084269920544	1
T>C_-1	2.95161904761905	2.87317954584338	0.020099443996666	0.0195652997363021	-1
T>C_1	1.70957142857143	2.04387000888755	0.0116415549000437	0.013918005717316	1
T>G_-1	0.668504761904762	1.29211980376567	0.00455227243307298	0.00879886232395769	-1
T>G_1	1.01097142857143	1.3196569633586	0.0068843449249293	0.00898638028889016	1
