targetfeature	centroid	sd	percentage	percentage_sd	targetstrand
C>A_-1	680.053476190476	118.097728146151	0.550080019178873	0.0955266061244579	-1
C>A_1	256.002571428571	55.9545288601971	0.207074743871799	0.0452603646421785	1
C>G_-1	93.857380952381	16.0374650864003	0.0759191324240856	0.0129723461627254	-1
C>G_1	40.2590952380952	8.11593389194947	0.0325646800671492	0.00656479707441065	1
C>T_-1	86.7907619047619	17.3791437832431	0.0702031026156367	0.0140575999980936	-1
C>T_1	40.4491428571429	7.32973054339159	0.0327184053278687	0.00592885480193548	1
T>A_-1	13.1220285714286	5.46285028694832	0.0106141148908934	0.00441877719300735	-1
T>A_1	12.1458	3.5621647975229	0.00982446547346437	0.00288135528858156	1
T>C_-1	0.229428571428571	1.00555056521064	0.000185579630705779	0.000813367321192057	-1
T>C_1	5.86733333333333	2.64364307759909	0.00474595446612326	0.00213838365031825	1
T>G_-1	5.22013333333333	2.2622286968324	0.00422244888769894	0.00182986610392977	-1
T>G_1	2.28384761904762	2.01733321848495	0.00184735316570231	0.00163177563877868	1
