targetfeature	centroid	sd	percentage	percentage_sd	targetstrand
C>A_-1	0	0	0	0	-1
C>A_1	2.5422380952381	5.34283472649685	0.10662860123935	0.224093484637216	1
C>G_-1	0.45	1.12910990381325	0.0188742630548983	0.0473580385388051	-1
C>G_1	0.810952380952381	1.50623286543878	0.0340136190290919	0.063175634053833	1
C>T_-1	0.652980952380952	2.13278909795738	0.0273878539223914	0.0894551610565931	-1
C>T_1	0.749447619047619	2.20116829059514	0.0314339366839378	0.0923231763217635	1
T>A_-1	7.63102857142857	1.97734125635097	0.320066756970195	0.082935242270381	-1
T>A_1	2.44973333333333	2.02659163849671	0.102748691883747	0.0850009415329874	1
T>C_-1	7.52841904761905	2.41370172159032	0.315763025538376	0.101237424954126	-1
T>C_1	0.132857142857143	0.680249333987142	0.00557240147335094	0.0285315663835394	1
T>G_-1	0.511514285714286	1.08722169505064	0.0214543448553552	0.0456011294919518	-1
T>G_1	0.382819047619048	0.89452786262537	0.0160565053493057	0.0375190093091716	1
