"suclone"	"[->1]Mh"	"[->1]Others"	"[->1]Rep"	"[-C]A"	"[-C]C"	"[-C]CC"	"[-C]G"	"[-C]LongRep"	"[-C]T"	"[-T]A"	"[-T]C"	"[-T]G"	"[-T]LongRep"	"[-T]T"	"[-T]TT"	"[+>1]NonRep"	"[+>1]Rep"	"[+C]A"	"[+C]C"	"[+C]CC"	"[+C]G"	"[+C]LongRep"	"[+C]T"	"[+T]A"	"[+T]C"	"[+T]G"	"[+T]LongRep"	"[+T]T"	"[+T]TT"	"Sample.Name"
"MSM0.1_s1"	1	1	0	0	0	0	0	0	0	0	0	0	1	0	0	0	3	0	0	0	0	0	0	0	0	0	2	0	0	"MSM0.1"
"MSM0.1_s2"	1	0	0	0	0	0	0	0	0	0	0	0	4	0	0	0	1	0	0	0	0	0	0	0	0	0	0	0	0	"MSM0.1"
"MSM0.10_s1"	1	0	0	0	1	0	0	0	0	1	0	0	1	0	0	0	1	0	0	0	0	0	0	0	0	0	1	0	0	"MSM0.10"
"MSM0.10_s2"	1	0	1	0	0	0	1	0	0	1	0	0	3	0	0	0	1	0	0	0	0	1	0	0	0	0	5	1	0	"MSM0.10"
"MSM0.10_s3"	3	1	0	0	0	0	0	0	0	0	0	1	1	0	0	0	1	0	0	0	0	0	0	0	0	0	1	0	0	"MSM0.10"
"MSM0.100_s1"	4	0	0	0	0	0	0	0	0	0	0	0	1	1	0	2	1	1	0	0	0	0	0	0	0	0	5	0	0	"MSM0.100"
"MSM0.100_s2"	2	1	1	0	1	0	0	0	0	0	0	0	0	0	1	0	2	0	0	0	0	0	0	0	0	0	1	0	1	"MSM0.100"
"MSM0.101_s1"	2	1	1	0	0	0	0	0	0	0	1	0	1	0	1	0	2	0	0	0	0	0	0	0	0	0	2	0	0	"MSM0.101"
"MSM0.101_s2"	0	0	1	0	0	0	0	0	0	0	0	0	1	0	0	0	2	0	0	0	0	0	0	0	0	0	2	0	0	"MSM0.101"
"MSM0.102_s3"	2	1	1	2	2	0	0	1	1	0	0	0	2	0	1	0	2	0	0	0	0	0	0	0	0	0	0	1	0	"MSM0.102"
"MSM0.102_s4"	5	3	0	0	0	0	1	1	0	0	0	2	2	0	1	0	3	0	0	0	0	0	0	0	0	0	3	0	0	"MSM0.102"
"MSM0.102_s5"	3	2	3	2	4	3	0	0	1	0	0	1	2	1	0	1	2	0	0	0	0	0	1	0	0	0	2	1	0	"MSM0.102"
"MSM0.103_s1"	2	1	3	6	10	8	3	4	3	3	0	0	4	2	0	1	3	0	3	1	0	2	0	1	1	1	10	15	0	"MSM0.103"
"MSM0.103_s5"	2	1	2	7	7	7	3	6	2	1	0	1	1	0	0	1	3	0	2	1	0	0	0	0	0	2	7	17	0	"MSM0.103"
"MSM0.103_s6"	6	1	0	2	11	12	4	4	9	0	0	0	1	1	0	2	3	0	3	0	1	1	0	1	1	0	4	9	0	"MSM0.103"
"MSM0.104_s1"	1	1	1	0	1	0	0	0	0	0	0	0	4	1	0	1	2	0	0	0	0	1	0	0	0	0	8	0	0	"MSM0.104"
"MSM0.104_s2"	2	1	0	0	1	0	1	1	0	0	0	0	2	0	1	0	3	0	1	0	0	0	0	0	0	0	5	1	0	"MSM0.104"
"MSM0.104_s3"	3	0	0	0	1	1	0	1	0	0	0	1	3	0	1	0	1	0	0	0	0	0	0	0	0	0	2	0	1	"MSM0.104"
"MSM0.105_s1"	3	1	0	0	1	0	0	0	0	0	0	0	0	0	0	0	0	0	0	0	0	0	0	0	0	0	2	0	0	"MSM0.105"
"MSM0.105_s3"	0	0	0	0	0	0	0	1	0	0	0	0	2	0	0	0	0	0	0	0	0	1	0	0	0	0	2	0	0	"MSM0.105"
"MSM0.106_s1"	2	0	0	0	0	0	0	0	0	0	0	0	2	0	2	0	1	0	0	0	0	0	0	0	0	0	3	0	0	"MSM0.106"
"MSM0.106_s2"	2	2	2	0	1	0	0	0	0	0	0	0	2	0	0	1	1	0	0	0	0	0	1	0	0	0	3	0	0	"MSM0.106"
"MSM0.106_s3"	1	0	2	3	0	0	1	0	0	0	0	1	0	1	0	1	4	0	0	0	0	0	1	0	0	0	2	0	0	"MSM0.106"
"MSM0.107_s1"	0	1	0	0	0	0	0	0	0	0	0	0	1	0	0	0	0	0	0	0	0	0	0	0	0	0	3	0	0	"MSM0.107"
"MSM0.107_s2"	2	0	0	0	0	0	0	0	0	0	0	0	0	2	1	0	1	0	0	0	0	0	0	0	0	0	4	0	0	"MSM0.107"
"MSM0.108_s2"	3	0	0	1	0	0	0	0	0	0	0	0	2	0	0	0	0	0	0	0	0	0	0	0	0	0	5	0	0	"MSM0.108"
"MSM0.108_s3"	3	0	0	0	0	0	0	0	0	0	0	0	2	0	0	0	3	0	0	0	0	0	0	0	0	0	1	0	0	"MSM0.108"
"MSM0.109_s1"	0	0	0	1	0	0	0	0	0	0	0	0	2	1	0	0	2	0	0	0	0	1	0	0	0	0	3	0	0	"MSM0.109"
"MSM0.109_s2"	3	0	1	0	0	1	0	0	0	0	0	0	0	0	0	0	1	0	0	0	0	0	0	0	0	0	2	0	0	"MSM0.109"
"MSM0.11_s1"	1	0	1	1	0	0	0	1	0	0	0	0	0	1	0	0	0	0	0	0	0	0	0	0	0	0	2	0	0	"MSM0.11"
"MSM0.11_s2"	0	0	1	0	0	0	0	0	0	0	0	0	0	0	0	0	0	0	0	0	0	0	0	0	0	0	0	0	0	"MSM0.11"
"MSM0.11_s3"	0	0	1	0	0	0	0	0	1	0	0	0	2	0	0	0	2	0	0	0	0	0	0	0	0	0	2	0	0	"MSM0.11"
"MSM0.110_s1"	3	0	2	2	1	0	0	2	6	0	0	2	2	1	1	0	0	1	0	0	0	0	1	0	0	0	2	0	0	"MSM0.110"
"MSM0.110_s2"	2	0	1	1	1	0	0	0	4	1	0	0	1	0	0	1	0	0	0	0	0	1	1	0	0	0	1	0	0	"MSM0.110"
"MSM0.110_s3"	3	3	0	0	1	0	0	0	11	0	1	0	0	1	0	1	0	0	0	0	0	0	0	0	0	0	4	0	0	"MSM0.110"
"MSM0.111_s1"	2	2	1	3	0	0	0	3	0	0	0	0	3	0	0	0	1	0	0	1	0	1	0	0	0	0	4	1	0	"MSM0.111"
"MSM0.111_s2"	0	0	1	0	6	3	0	2	2	0	0	0	3	1	0	0	1	0	0	0	0	0	0	0	0	0	4	1	0	"MSM0.111"
"MSM0.111_s3"	2	1	0	1	0	0	0	1	0	0	0	0	2	0	0	0	0	0	0	0	0	0	0	0	0	0	2	0	1	"MSM0.111"
"MSM0.112_s1"	1	0	0	0	0	0	0	0	0	0	0	0	1	0	0	0	2	0	0	0	0	0	0	0	0	0	1	0	0	"MSM0.112"
"MSM0.112_s2"	0	0	0	0	0	0	0	0	0	1	0	0	1	0	1	0	0	0	0	0	0	0	0	1	0	0	3	0	0	"MSM0.112"
"MSM0.112_s3"	1	0	1	0	0	0	0	1	0	0	0	0	1	1	1	0	3	0	0	0	0	0	0	0	0	0	5	1	0	"MSM0.112"
"MSM0.113_s1"	0	1	0	1	0	0	0	0	1	0	0	0	2	0	1	0	0	0	0	0	0	0	0	0	0	0	5	0	0	"MSM0.113"
"MSM0.113_s2"	1	0	0	0	0	0	0	0	1	0	0	0	1	1	0	0	3	0	0	0	0	0	0	0	0	0	2	0	0	"MSM0.113"
"MSM0.114_s1"	5	0	1	0	0	0	0	0	0	0	0	0	3	1	0	1	2	0	0	0	0	1	0	0	0	0	0	0	0	"MSM0.114"
"MSM0.114_s2"	4	0	0	0	0	0	0	2	0	0	0	0	4	0	0	1	1	0	0	0	0	0	0	0	0	0	1	0	0	"MSM0.114"
"MSM0.114_s5"	1	0	1	2	0	0	0	0	0	0	1	0	1	1	0	0	3	0	0	0	0	0	0	1	0	0	1	0	0	"MSM0.114"
"MSM0.115_s1"	0	1	1	0	0	1	0	1	0	0	0	0	1	0	0	1	1	0	0	0	0	0	0	0	0	0	5	0	0	"MSM0.115"
"MSM0.115_s2"	3	0	1	1	1	0	0	0	2	0	1	1	1	0	0	0	2	0	0	0	0	0	0	0	0	0	5	0	0	"MSM0.115"
"MSM0.116_s1"	4	1	0	0	0	0	0	0	0	0	0	0	2	0	0	1	0	0	0	0	0	0	0	0	0	0	3	0	1	"MSM0.116"
"MSM0.116_s2"	0	0	2	0	1	0	0	0	0	0	0	0	0	0	0	0	4	0	0	0	0	0	0	0	0	0	4	0	0	"MSM0.116"
"MSM0.116_s3"	3	0	0	0	1	0	0	0	0	0	0	0	1	0	0	1	2	0	0	0	0	0	0	0	0	0	1	0	0	"MSM0.116"
"MSM0.117_s1"	3	0	1	0	0	0	0	0	1	0	0	0	0	0	0	0	0	0	0	0	0	0	0	0	0	0	1	0	0	"MSM0.117"
"MSM0.117_s5"	2	0	2	0	0	0	0	0	0	0	0	0	0	0	0	0	3	0	0	0	0	0	0	0	0	0	1	0	0	"MSM0.117"
"MSM0.118_s1"	0	0	0	0	0	1	0	0	0	0	1	0	1	0	0	0	1	0	0	0	0	0	0	0	0	0	3	0	1	"MSM0.118"
"MSM0.118_s2"	0	2	0	0	0	0	0	1	0	0	0	0	1	0	0	0	3	1	0	0	0	1	0	0	0	0	1	0	0	"MSM0.118"
"MSM0.119_s1"	3	1	1	0	1	0	0	0	0	0	0	0	1	0	0	1	1	0	0	0	0	1	0	0	0	0	2	0	0	"MSM0.119"
"MSM0.119_s2"	2	0	0	0	0	0	0	0	0	0	0	0	3	0	0	0	1	0	0	0	0	0	0	0	0	0	6	0	0	"MSM0.119"
"MSM0.12_s1"	2	0	1	0	0	0	1	1	0	0	0	1	5	0	0	0	5	0	0	0	0	0	0	0	0	0	2	0	1	"MSM0.12"
"MSM0.12_s3"	3	1	1	0	0	0	0	0	0	0	0	0	2	0	0	0	2	0	0	0	0	0	0	0	0	0	4	0	0	"MSM0.12"
"MSM0.12_s4"	2	0	0	0	0	0	0	0	1	0	0	0	0	0	0	0	2	0	0	0	0	0	0	0	0	0	0	0	0	"MSM0.12"
"MSM0.120_s1"	5	0	0	0	0	0	0	0	0	0	0	1	1	0	0	0	0	0	0	0	0	0	0	0	0	0	1	0	0	"MSM0.120"
"MSM0.120_s2"	2	2	1	0	0	0	0	0	1	0	1	0	3	0	0	0	2	0	0	0	0	0	0	0	0	0	1	0	0	"MSM0.120"
"MSM0.120_s3"	2	2	1	0	0	0	0	0	0	0	0	0	1	0	0	2	2	0	0	0	0	1	0	0	0	0	0	1	1	"MSM0.120"
"MSM0.121_s3"	2	0	1	0	0	1	0	0	0	0	0	0	1	1	0	0	0	0	1	0	0	0	0	0	0	0	1	2	0	"MSM0.121"
"MSM0.121_s4"	0	1	0	0	0	1	0	0	0	0	0	0	3	0	0	0	0	0	0	0	0	0	0	0	0	0	2	0	0	"MSM0.121"
"MSM0.121_s5"	2	1	1	0	0	0	2	1	0	0	0	0	2	0	0	0	2	0	0	0	0	0	0	0	0	0	0	0	0	"MSM0.121"
"MSM0.122_s1"	3	0	0	1	3	2	0	2	3	0	0	0	4	0	2	0	2	0	0	0	0	0	0	0	0	0	4	1	0	"MSM0.122"
"MSM0.122_s2"	1	0	1	4	5	2	0	3	0	0	0	1	2	0	2	1	0	0	0	0	0	0	0	0	0	0	2	0	0	"MSM0.122"
"MSM0.122_s4"	3	0	1	0	0	1	0	1	0	0	0	0	2	0	1	0	1	0	0	1	0	0	0	0	0	0	4	0	0	"MSM0.122"
"MSM0.123_s1"	1	0	0	1	0	1	0	0	0	0	0	0	2	0	1	1	0	0	0	0	0	0	0	0	0	0	2	0	0	"MSM0.123"
"MSM0.123_s2"	0	1	0	1	0	0	0	2	2	0	0	0	3	0	0	0	0	0	0	0	0	0	0	0	0	0	0	0	0	"MSM0.123"
"MSM0.123_s3"	2	0	2	0	0	1	0	0	0	0	0	0	0	0	0	0	0	0	0	0	0	0	0	0	0	0	2	1	0	"MSM0.123"
"MSM0.124_s1"	3	2	3	2	0	0	0	0	0	0	0	0	1	0	0	1	3	1	0	0	0	0	0	0	0	0	1	0	0	"MSM0.124"
"MSM0.124_s2"	2	1	0	0	0	0	0	0	0	0	0	0	0	0	0	0	1	0	0	0	0	1	0	0	0	0	1	0	0	"MSM0.124"
"MSM0.124_s3"	2	1	3	0	0	0	0	0	1	0	0	1	3	3	1	0	3	0	0	0	0	0	0	0	0	0	9	0	0	"MSM0.124"
"MSM0.125_s1"	3	1	1	0	0	0	0	1	0	0	0	0	1	0	0	1	2	0	0	0	0	0	0	0	0	0	4	0	0	"MSM0.125"
"MSM0.125_s2"	2	1	0	1	0	0	0	0	0	0	1	0	1	0	0	0	0	0	0	0	0	0	1	0	0	0	1	0	0	"MSM0.125"
"MSM0.125_s3"	1	0	0	2	0	0	0	0	0	0	0	0	1	1	1	0	2	0	0	0	0	1	0	0	0	0	2	0	0	"MSM0.125"
"MSM0.126_s1"	2	0	1	0	0	0	0	0	1	0	0	0	2	0	1	0	0	0	0	0	0	0	0	0	0	0	2	0	0	"MSM0.126"
"MSM0.126_s2"	0	0	1	1	0	1	0	0	0	0	0	0	1	0	0	0	0	0	0	1	0	0	0	0	0	0	1	0	0	"MSM0.126"
"MSM0.127_s1"	2	0	1	0	0	0	0	0	0	0	0	0	1	0	0	1	0	0	0	0	0	0	0	0	0	0	3	0	0	"MSM0.127"
"MSM0.127_s2"	2	1	2	1	0	0	0	1	0	0	0	0	2	0	0	0	2	0	0	0	0	1	0	0	0	0	2	0	1	"MSM0.127"
"MSM0.128_s2"	3	0	2	1	0	0	0	0	0	0	0	1	2	0	0	2	1	0	0	0	0	1	1	0	0	0	4	0	0	"MSM0.128"
"MSM0.128_s3"	3	0	1	0	0	0	0	0	1	0	0	0	0	2	1	0	0	0	0	0	0	0	0	0	0	0	3	2	0	"MSM0.128"
"MSM0.128_s4"	4	3	0	1	1	0	0	1	0	1	0	0	1	0	0	0	0	0	0	0	0	0	0	0	0	0	2	0	0	"MSM0.128"
"MSM0.129_s1"	2	0	1	0	0	1	0	0	0	0	0	0	3	0	0	1	3	0	0	0	0	0	0	0	0	0	2	0	0	"MSM0.129"
"MSM0.129_s2"	2	0	1	1	0	1	0	0	0	0	0	0	1	0	0	0	1	0	0	0	0	0	0	0	0	0	4	0	0	"MSM0.129"
"MSM0.129_s3"	2	3	0	2	0	0	0	0	0	0	0	0	0	0	0	3	1	0	0	0	0	0	0	0	0	0	4	0	0	"MSM0.129"
"MSM0.13_s1"	0	2	1	2	1	1	0	0	0	0	0	0	1	1	2	1	2	0	1	0	0	1	0	0	0	1	1	0	0	"MSM0.13"
"MSM0.13_s2"	0	0	3	1	1	0	0	0	0	0	0	0	3	0	0	0	1	0	0	0	0	0	0	0	0	1	5	0	0	"MSM0.13"
"MSM0.13_s3"	2	0	2	0	2	0	0	0	0	0	1	0	1	0	0	0	0	0	0	0	0	0	1	0	0	0	3	1	0	"MSM0.13"
"MSM0.130_s1"	3	0	0	0	0	0	1	0	0	0	0	1	3	0	1	0	1	0	0	0	0	0	0	0	0	1	0	0	0	"MSM0.130"
"MSM0.130_s2"	2	0	2	0	0	0	0	0	0	0	0	0	1	0	0	0	1	1	0	0	0	0	1	0	0	0	0	0	0	"MSM0.130"
"MSM0.130_s3"	0	1	0	0	0	0	0	0	0	0	0	0	1	0	0	0	1	0	0	0	0	0	0	0	0	0	3	0	0	"MSM0.130"
"MSM0.131_s1"	1	1	0	3	0	0	0	0	0	0	0	0	1	0	0	0	0	0	0	0	0	0	0	0	0	0	2	0	0	"MSM0.131"
"MSM0.131_s2"	1	0	0	0	0	0	0	1	0	0	0	0	0	1	0	0	2	0	0	0	0	0	0	0	0	0	3	0	0	"MSM0.131"
"MSM0.131_s3"	1	1	0	1	1	0	0	0	1	0	0	0	2	0	0	0	3	0	0	0	0	0	0	0	0	0	1	0	0	"MSM0.131"
"MSM0.132_s1"	3	1	1	1	1	0	0	0	0	1	0	1	3	0	0	0	2	0	0	0	0	0	2	0	0	0	2	1	0	"MSM0.132"
"MSM0.132_s2"	1	0	1	1	1	0	0	0	0	0	1	0	0	0	0	1	4	0	0	0	0	0	0	0	0	0	3	1	0	"MSM0.132"
"MSM0.132_s3"	4	1	1	0	0	0	0	2	1	0	0	1	1	0	0	0	0	1	0	0	0	0	0	0	0	1	6	1	0	"MSM0.132"
"MSM0.14_s1"	1	1	1	3	6	2	1	1	5	0	0	1	0	0	0	0	0	0	0	0	0	1	0	0	0	0	3	5	1	"MSM0.14"
"MSM0.14_s2"	0	1	3	5	1	4	1	3	7	0	1	0	3	1	0	0	6	0	1	0	0	2	0	0	0	2	5	5	1	"MSM0.14"
"MSM0.14_s3"	3	0	2	1	1	2	0	3	2	0	0	0	3	1	0	2	0	0	0	0	0	3	0	0	0	0	6	7	1	"MSM0.14"
"MSM0.15_s1"	0	1	1	0	0	0	0	0	0	0	0	0	1	1	0	0	2	0	0	0	0	0	0	0	0	0	0	0	0	"MSM0.15"
"MSM0.15_s2"	1	1	0	0	0	0	0	0	0	0	0	0	3	0	0	0	0	0	0	0	0	0	0	0	0	0	1	0	0	"MSM0.15"
"MSM0.15_s3"	2	0	0	0	0	0	0	0	1	0	0	0	2	0	0	0	1	0	0	0	0	0	0	0	0	0	1	0	0	"MSM0.15"
"MSM0.16_s1"	1	0	8	1	4	1	0	11	0	1	0	1	2	3	0	0	1	0	0	0	0	0	0	0	0	0	3	0	0	"MSM0.16"
"MSM0.16_s2"	1	0	9	5	4	0	0	4	1	0	0	0	0	0	0	2	0	1	0	1	0	2	0	0	0	0	3	0	0	"MSM0.16"
"MSM0.16_s3"	0	0	5	1	1	0	0	3	2	0	0	0	2	3	0	0	1	0	0	0	0	0	0	0	0	0	2	0	0	"MSM0.16"
"MSM0.17_s1"	2	0	1	1	0	0	0	0	1	0	0	0	0	1	2	0	1	0	0	0	0	0	0	0	0	0	2	0	0	"MSM0.17"
"MSM0.17_s2"	4	2	0	0	0	0	0	0	0	1	0	0	0	0	1	0	2	0	0	0	0	0	0	0	0	0	0	0	0	"MSM0.17"
"MSM0.18_s1"	1	1	1	1	0	0	0	0	0	0	0	0	1	0	1	0	2	0	0	0	0	0	1	0	0	0	2	0	0	"MSM0.18"
"MSM0.18_s2"	2	0	0	0	0	0	0	0	0	0	0	0	2	0	0	0	1	0	0	0	0	0	0	0	0	0	7	0	0	"MSM0.18"
"MSM0.19_s1"	2	1	1	0	0	0	0	0	0	0	0	0	4	0	0	0	2	0	0	0	0	0	0	0	0	0	1	0	0	"MSM0.19"
"MSM0.19_s2"	4	0	2	0	0	0	0	1	0	0	0	0	1	0	0	0	2	0	0	0	0	0	0	0	0	0	2	0	1	"MSM0.19"
"MSM0.2_s1"	2	0	3	5	47	50	2	13	10	16	0	0	21	8	2	0	1	0	1	0	0	1	0	0	0	0	10	3	4	"MSM0.2"
"MSM0.2_s2"	0	0	0	2	16	28	0	12	2	5	0	0	4	3	1	1	3	0	0	0	0	0	0	0	0	0	2	2	0	"MSM0.2"
"MSM0.2_s3"	2	2	3	3	36	40	0	23	11	13	1	2	13	12	2	2	1	0	0	0	0	1	0	0	0	0	5	5	1	"MSM0.2"
"MSM0.20_s1"	2	0	0	0	0	0	0	0	0	0	0	0	0	0	0	0	2	0	0	0	0	0	0	0	0	0	4	0	0	"MSM0.20"
"MSM0.20_s2"	1	0	1	0	0	1	0	0	1	0	0	0	0	0	0	0	1	0	0	0	0	0	0	0	0	0	2	0	0	"MSM0.20"
"MSM0.21_s1"	0	0	0	0	0	0	0	0	1	0	0	0	2	0	0	1	0	0	0	0	0	0	0	0	0	0	2	0	0	"MSM0.21"
"MSM0.21_s3"	3	1	1	2	0	0	0	0	0	0	0	0	3	0	1	0	4	0	0	0	0	1	0	0	0	0	2	0	0	"MSM0.21"
"MSM0.21_s5"	3	0	0	0	0	1	0	0	0	0	0	0	0	1	1	0	1	0	0	0	0	0	0	0	0	0	2	0	0	"MSM0.21"
"MSM0.22_s1"	3	0	0	0	1	0	0	0	1	0	0	0	2	0	0	0	0	0	0	0	0	0	0	0	0	0	2	0	0	"MSM0.22"
"MSM0.22_s2"	0	0	1	0	0	0	0	0	0	0	0	0	2	0	0	0	0	0	0	0	0	0	0	0	0	0	2	1	1	"MSM0.22"
"MSM0.22_s3"	1	1	0	0	0	0	0	0	1	1	0	0	1	0	0	0	4	0	0	0	0	0	0	0	0	0	4	0	1	"MSM0.22"
"MSM0.23_s1"	0	0	1	0	0	0	0	0	0	0	0	0	0	0	0	0	1	0	0	0	0	0	0	0	0	0	1	0	0	"MSM0.23"
"MSM0.23_s2"	5	2	1	0	1	0	0	0	0	0	0	0	4	0	0	0	0	0	0	0	0	0	0	0	0	0	3	0	0	"MSM0.23"
"MSM0.24_s1"	3	0	1	0	0	1	0	0	0	0	0	0	1	0	0	0	4	1	0	0	0	0	1	0	0	0	3	0	0	"MSM0.24"
"MSM0.24_s3"	3	0	0	0	0	0	0	0	0	0	0	0	0	0	0	0	1	0	0	0	0	0	0	0	0	0	2	1	0	"MSM0.24"
"MSM0.24_s4"	2	0	1	0	0	0	0	0	1	0	0	0	2	0	0	1	2	0	0	0	0	0	0	0	0	0	3	0	0	"MSM0.24"
"MSM0.25_s1"	1	0	1	0	0	0	0	0	0	0	0	0	0	1	0	0	1	0	0	0	0	0	0	0	0	0	1	0	0	"MSM0.25"
"MSM0.25_s2"	2	0	1	1	0	0	0	1	0	2	0	0	1	0	0	0	1	0	0	0	0	0	0	0	0	0	7	0	0	"MSM0.25"
"MSM0.26_s1"	3	2	0	2	4	2	0	2	0	1	0	0	3	1	0	0	1	0	0	0	0	2	0	0	0	0	1	1	0	"MSM0.26"
"MSM0.26_s2"	1	0	0	2	2	4	0	2	1	1	0	0	4	3	0	0	1	0	0	0	0	0	0	0	0	0	5	2	0	"MSM0.26"
"MSM0.26_s3"	1	0	1	0	1	6	0	0	1	0	0	0	0	1	0	1	2	0	0	0	0	0	0	0	0	1	2	1	0	"MSM0.26"
"MSM0.27_s1"	3	1	2	0	1	1	0	1	0	0	0	0	1	1	0	0	2	0	0	0	0	0	0	0	0	0	3	0	0	"MSM0.27"
"MSM0.27_s2"	2	0	1	1	2	0	0	0	0	0	1	0	4	1	1	0	2	0	0	0	0	0	0	0	0	0	2	0	0	"MSM0.27"
"MSM0.27_s3"	2	2	2	1	1	0	0	2	0	0	0	0	2	0	0	0	0	0	0	0	0	1	0	1	0	0	3	0	0	"MSM0.27"
"MSM0.28_s2"	3	0	2	0	0	0	0	0	0	0	0	0	1	0	0	0	0	0	1	0	0	1	0	0	0	0	2	0	0	"MSM0.28"
"MSM0.28_s4"	2	0	1	1	0	0	0	0	0	0	0	0	2	0	0	0	1	0	0	0	0	0	0	0	0	0	2	0	0	"MSM0.28"
"MSM0.29_s1"	6	2	1	0	0	0	0	1	0	0	0	0	0	0	0	0	0	0	0	0	0	1	0	0	0	0	0	1	0	"MSM0.29"
"MSM0.29_s2"	3	3	2	0	1	2	0	0	0	0	0	0	1	0	0	0	2	0	0	0	0	0	1	0	0	0	1	0	0	"MSM0.29"
"MSM0.3_s1"	2	0	2	0	2	0	0	2	0	1	0	1	1	1	1	0	3	0	0	0	0	0	0	0	0	0	5	0	0	"MSM0.3"
"MSM0.3_s2"	5	1	3	2	2	2	0	0	0	0	0	0	0	0	0	0	2	0	0	0	0	0	0	0	0	0	0	1	0	"MSM0.3"
"MSM0.3_s3"	2	1	2	0	2	2	0	0	0	2	0	0	2	0	0	1	0	0	0	0	0	0	0	0	0	0	2	0	0	"MSM0.3"
"MSM0.30_s2"	2	2	2	0	0	0	0	0	2	0	0	0	1	1	1	0	0	0	0	0	0	0	0	0	1	0	1	0	0	"MSM0.30"
"MSM0.30_s6"	2	0	0	0	0	0	0	0	0	0	0	0	2	0	0	0	3	0	0	0	0	0	0	0	0	0	1	0	0	"MSM0.30"
"MSM0.31_s4"	6	1	2	0	0	0	0	0	0	0	0	0	1	0	1	0	1	0	0	0	0	0	0	0	0	0	4	1	0	"MSM0.31"
"MSM0.31_s5"	0	0	1	0	0	0	0	1	0	0	0	0	1	0	0	0	1	0	0	0	0	0	1	0	0	0	2	0	0	"MSM0.31"
"MSM0.31_s6"	0	0	1	0	0	0	0	0	0	0	1	0	0	0	0	0	2	0	0	0	0	0	0	0	0	0	1	1	0	"MSM0.31"
"MSM0.32_s1"	6	1	0	0	0	0	0	0	1	0	1	0	2	1	0	0	3	0	0	0	0	0	0	0	0	0	1	0	0	"MSM0.32"
"MSM0.32_s5"	4	1	0	0	0	1	0	0	0	0	0	0	1	0	0	1	5	0	0	1	0	0	0	0	0	0	4	0	0	"MSM0.32"
"MSM0.33_s1"	2	1	0	0	0	0	0	0	0	0	0	0	2	0	0	0	1	0	0	0	0	1	0	0	0	0	3	0	0	"MSM0.33"
"MSM0.33_s2"	2	1	0	0	0	0	0	1	0	0	1	0	0	0	1	0	1	0	0	0	0	0	0	0	0	0	5	0	0	"MSM0.33"
"MSM0.34_s1"	5	1	0	0	0	0	0	0	0	0	0	0	1	0	0	0	1	0	0	0	0	0	0	0	0	0	2	0	0	"MSM0.34"
"MSM0.34_s2"	1	0	0	0	0	0	0	0	1	0	0	0	5	0	1	0	2	0	0	0	0	2	0	0	0	0	1	0	0	"MSM0.34"
"MSM0.34_s3"	0	1	2	0	0	0	0	0	0	0	0	0	0	0	0	0	3	0	0	0	0	0	0	0	0	0	3	0	1	"MSM0.34"
"MSM0.35_s1"	4	2	1	1	0	1	0	0	0	0	0	0	4	0	0	0	2	0	0	0	0	0	0	0	0	0	1	0	0	"MSM0.35"
"MSM0.35_s3"	7	0	1	1	0	0	0	1	1	1	0	0	4	0	0	0	1	0	1	0	0	0	0	1	0	0	5	0	0	"MSM0.35"
"MSM0.35_s4"	4	1	0	0	0	0	0	1	0	0	0	0	3	0	0	0	1	0	0	0	0	0	0	0	0	0	0	0	0	"MSM0.35"
"MSM0.36_s1"	1	1	0	1	0	0	0	0	0	0	0	0	1	0	1	0	0	0	0	0	0	0	0	0	0	0	1	0	0	"MSM0.36"
"MSM0.36_s2"	1	1	1	1	0	0	0	0	0	0	0	0	0	0	0	0	1	1	0	0	0	0	0	0	0	0	1	0	0	"MSM0.36"
"MSM0.36_s3"	0	0	0	0	0	0	0	0	0	0	0	0	1	0	0	0	0	0	0	0	0	0	0	0	0	0	0	0	0	"MSM0.36"
"MSM0.37_s1"	1	0	2	0	1	0	0	0	0	0	0	0	1	0	0	0	0	0	0	0	0	0	0	0	0	0	0	0	0	"MSM0.37"
"MSM0.37_s2"	0	0	0	0	0	0	0	0	0	0	0	0	1	0	1	0	1	0	0	0	0	0	0	0	0	0	2	1	1	"MSM0.37"
"MSM0.38_s1"	2	0	0	0	0	0	0	0	0	1	0	0	3	1	0	1	1	0	0	0	0	1	1	0	0	0	2	0	1	"MSM0.38"
"MSM0.38_s3"	1	1	0	0	0	0	0	0	0	0	0	0	1	1	0	0	1	0	0	0	0	0	0	0	0	0	2	0	0	"MSM0.38"
"MSM0.39_s1"	1	0	1	0	0	0	0	0	0	0	0	0	1	0	2	0	2	0	0	0	0	1	0	0	0	0	1	0	1	"MSM0.39"
"MSM0.39_s2"	1	0	0	0	0	0	0	0	0	0	0	0	0	0	0	0	0	0	0	0	0	0	0	0	0	0	1	0	0	"MSM0.39"
"MSM0.4_s1"	0	0	0	0	0	0	0	0	0	0	0	0	1	0	0	0	5	0	0	0	0	0	0	0	0	0	2	0	0	"MSM0.4"
"MSM0.4_s2"	4	0	1	0	0	0	0	0	0	0	0	0	0	0	0	0	3	0	0	0	0	0	0	0	0	0	4	0	0	"MSM0.4"
"MSM0.40_s1"	1	1	1	0	0	1	0	1	1	0	0	0	1	0	0	1	2	0	1	0	0	1	0	0	0	1	1	0	1	"MSM0.40"
"MSM0.40_s2"	3	0	1	2	0	3	0	1	1	0	2	0	3	1	0	1	0	0	0	0	0	1	2	0	0	0	1	0	0	"MSM0.40"
"MSM0.40_s5"	1	0	1	0	1	0	0	1	0	1	1	0	1	0	0	0	1	0	0	0	0	0	0	0	0	0	2	1	1	"MSM0.40"
"MSM0.41_s1"	0	0	0	0	1	1	0	0	0	0	0	0	2	0	0	0	2	0	0	0	0	0	0	0	0	0	4	0	0	"MSM0.41"
"MSM0.41_s2"	4	0	2	1	2	1	0	2	0	0	0	0	4	1	2	0	1	0	0	0	0	1	0	0	0	0	3	1	0	"MSM0.41"
"MSM0.41_s3"	1	0	3	5	3	2	0	2	0	0	0	0	9	1	1	0	0	0	0	0	0	1	0	0	0	0	1	0	1	"MSM0.41"
"MSM0.41_s4"	3	0	0	0	1	0	0	0	1	0	0	0	2	0	0	0	0	0	0	0	0	0	0	0	0	0	2	0	0	"MSM0.41"
"MSM0.42_s1"	0	0	3	4	1	3	1	3	2	0	0	0	3	1	0	1	1	1	0	0	0	0	0	0	0	0	5	4	1	"MSM0.42"
"MSM0.42_s2"	0	1	0	1	3	2	0	1	1	2	0	0	3	1	0	0	2	0	0	1	0	0	0	0	0	0	2	2	1	"MSM0.42"
"MSM0.42_s3"	3	0	4	0	2	2	0	1	0	0	0	0	0	1	0	0	0	1	1	0	0	1	0	0	1	0	3	1	1	"MSM0.42"
"MSM0.43_s1"	3	0	0	0	0	0	0	0	0	0	0	0	2	0	0	1	1	0	0	0	0	1	0	0	0	0	1	0	1	"MSM0.43"
"MSM0.43_s2"	2	0	4	1	0	0	1	1	0	0	0	0	2	0	0	0	2	0	0	0	0	1	0	0	0	0	0	0	0	"MSM0.43"
"MSM0.44_s1"	1	1	3	0	0	1	0	0	1	0	0	1	0	0	0	0	1	0	0	0	0	0	0	0	0	0	1	0	0	"MSM0.44"
"MSM0.44_s2"	0	0	3	2	1	0	0	1	3	0	0	0	2	0	0	0	0	0	0	0	0	0	0	0	0	0	2	0	0	"MSM0.44"
"MSM0.44_s3"	0	0	0	2	3	1	0	3	1	0	0	0	2	0	1	0	1	0	0	0	0	1	0	0	0	0	3	0	0	"MSM0.44"
"MSM0.44_s4"	1	0	0	0	9	3	0	0	0	0	0	1	1	0	0	0	1	0	0	0	0	0	0	1	0	0	1	0	0	"MSM0.44"
"MSM0.45_s1"	1	0	1	0	0	0	0	0	0	0	0	0	1	0	0	0	2	0	0	0	0	0	0	0	0	0	3	0	0	"MSM0.45"
"MSM0.45_s2"	2	0	1	0	0	1	0	0	0	0	0	0	3	0	0	0	3	0	0	0	0	0	0	0	0	0	1	0	0	"MSM0.45"
"MSM0.46_s1"	4	0	1	0	0	0	0	0	0	0	0	1	2	0	1	0	1	0	0	0	0	0	0	0	0	0	6	0	0	"MSM0.46"
"MSM0.46_s5"	1	2	4	0	0	0	0	0	0	0	0	0	1	0	1	0	2	1	0	0	0	0	0	0	0	0	4	0	0	"MSM0.46"
"MSM0.47_s1"	1	0	0	0	0	0	0	0	0	0	0	0	0	0	0	0	0	0	0	0	0	0	0	0	0	0	0	0	0	"MSM0.47"
"MSM0.47_s3"	1	0	1	0	1	2	0	0	0	0	0	0	1	0	0	0	0	0	0	0	0	0	0	0	0	0	4	0	0	"MSM0.47"
"MSM0.48_s1"	1	0	0	1	0	1	0	0	0	0	0	0	1	0	0	0	4	0	0	0	0	0	0	0	0	0	1	1	0	"MSM0.48"
"MSM0.48_s2"	1	0	1	0	0	0	0	0	0	0	0	0	1	0	0	0	1	0	0	0	0	1	0	0	0	0	3	0	0	"MSM0.48"
"MSM0.49_s1"	3	0	0	0	1	1	0	0	0	0	0	0	1	0	0	0	3	0	0	0	0	0	0	0	0	0	1	2	0	"MSM0.49"
"MSM0.49_s2"	2	1	0	0	0	0	0	0	0	0	1	0	1	0	1	0	0	0	0	0	0	0	0	0	0	0	3	0	0	"MSM0.49"
"MSM0.5_s1"	2	1	2	0	1	0	0	2	0	1	0	0	1	0	0	1	1	0	0	0	0	0	0	0	0	0	4	0	0	"MSM0.5"
"MSM0.5_s2"	2	0	3	1	0	1	0	1	0	0	0	0	0	0	3	0	2	0	0	0	0	0	0	0	0	0	1	1	0	"MSM0.5"
"MSM0.5_s3"	1	0	6	1	1	2	0	0	0	0	0	0	1	0	0	1	0	0	0	0	0	0	0	0	0	0	2	0	0	"MSM0.5"
"MSM0.50_s1"	2	2	3	0	0	0	0	6	1	2	0	0	1	1	1	0	1	0	0	0	0	0	0	0	0	1	1	0	0	"MSM0.50"
"MSM0.50_s2"	2	0	5	1	0	0	0	5	0	0	1	0	3	0	0	0	1	0	0	0	0	0	0	0	0	0	0	1	0	"MSM0.50"
"MSM0.50_s3"	0	0	3	1	1	0	0	1	0	0	2	0	1	0	0	0	3	0	0	0	0	2	0	0	0	0	3	0	0	"MSM0.50"
"MSM0.51_s1"	3	1	2	0	0	0	0	1	0	1	0	0	1	2	1	0	3	0	0	0	0	0	0	0	0	0	2	0	0	"MSM0.51"
"MSM0.51_s2"	4	0	0	0	0	0	0	1	0	0	0	0	1	0	0	0	0	1	0	0	0	0	0	0	0	0	2	0	0	"MSM0.51"
"MSM0.52_s1"	3	0	1	0	0	0	0	0	0	0	0	0	1	0	0	0	0	0	0	0	0	0	0	0	0	0	1	0	0	"MSM0.52"
"MSM0.52_s2"	3	0	1	0	0	0	0	0	1	0	0	0	1	1	0	0	2	1	0	0	0	0	0	1	0	0	2	0	0	"MSM0.52"
"MSM0.53_s2"	3	0	0	0	1	0	0	1	0	0	0	0	0	1	0	0	3	0	0	0	0	0	0	0	1	0	3	0	0	"MSM0.53"
"MSM0.53_s5"	1	0	0	0	0	0	0	0	0	0	0	0	0	0	0	0	1	0	0	0	0	0	0	0	0	0	0	0	0	"MSM0.53"
"MSM0.53_s6"	1	0	0	0	0	0	0	0	0	0	0	0	1	0	0	0	0	0	0	0	0	0	0	0	0	0	1	0	0	"MSM0.53"
"MSM0.54_s1"	2	1	1	0	1	3	0	1	2	0	0	0	1	0	0	0	0	0	0	1	0	0	0	0	0	0	2	0	1	"MSM0.54"
"MSM0.54_s2"	3	0	0	1	3	3	0	0	5	0	0	0	3	1	0	1	0	1	0	0	0	1	2	0	0	0	3	0	2	"MSM0.54"
"MSM0.54_s3"	3	1	0	0	2	1	0	1	2	0	0	0	0	0	0	0	0	0	0	0	0	0	0	0	0	0	3	0	0	"MSM0.54"
"MSM0.55_s1"	0	1	0	0	2	0	0	1	0	0	0	0	1	0	0	0	0	0	0	0	0	0	0	0	0	0	2	0	0	"MSM0.55"
"MSM0.55_s2"	0	0	2	0	0	0	0	0	0	0	0	0	2	0	0	0	2	1	0	0	0	1	0	0	0	0	1	0	0	"MSM0.55"
"MSM0.55_s3"	3	1	1	0	2	0	0	2	0	0	0	0	3	4	0	0	0	0	0	0	0	1	0	0	0	0	0	0	0	"MSM0.55"
"MSM0.56_s4"	6	1	1	0	1	0	0	1	1	0	0	0	2	2	0	0	3	0	1	0	0	0	0	1	0	0	5	0	0	"MSM0.56"
"MSM0.56_s5"	2	0	0	0	0	0	1	0	0	0	0	0	0	1	2	1	2	0	0	0	0	0	0	1	0	0	0	1	0	"MSM0.56"
"MSM0.56_s6"	2	0	2	0	0	0	0	2	1	0	0	0	3	0	1	0	0	0	1	0	0	0	0	0	0	0	4	0	0	"MSM0.56"
"MSM0.57_s1"	3	0	0	0	0	0	0	0	0	1	0	0	1	0	0	2	1	0	0	0	0	0	0	0	0	0	4	0	0	"MSM0.57"
"MSM0.57_s2"	1	0	1	0	0	0	0	0	1	0	0	0	1	0	0	0	0	0	0	0	0	0	0	0	0	0	0	1	1	"MSM0.57"
"MSM0.58_s4"	2	1	1	1	0	1	0	2	0	0	0	0	0	0	2	1	0	0	0	0	0	0	0	0	0	0	2	0	1	"MSM0.58"
"MSM0.58_s5"	1	0	3	2	1	0	0	0	0	1	1	0	1	0	0	1	2	0	0	0	0	2	0	0	0	0	4	0	0	"MSM0.58"
"MSM0.58_s6"	1	1	2	0	0	0	0	0	0	0	0	0	1	1	0	0	1	0	0	0	0	0	0	0	0	0	2	0	0	"MSM0.58"
"MSM0.59_s2"	1	0	0	1	1	0	0	0	0	1	0	0	0	0	0	0	3	0	0	0	0	1	0	0	0	0	1	0	0	"MSM0.59"
"MSM0.59_s3"	2	1	1	0	0	0	0	1	0	0	0	1	0	1	0	0	1	0	0	0	0	0	0	0	0	0	4	0	0	"MSM0.59"
"MSM0.6_s1"	2	0	0	0	0	0	0	0	0	1	0	0	1	0	0	0	0	0	0	1	0	0	0	0	0	0	3	0	0	"MSM0.6"
"MSM0.6_s2"	1	0	1	0	0	0	0	0	0	1	0	0	2	0	0	0	0	0	0	0	0	0	0	0	0	0	0	0	0	"MSM0.6"
"MSM0.60_s1"	1	0	1	0	0	0	0	0	0	0	0	0	0	0	0	0	2	0	0	0	0	0	0	0	0	0	0	0	0	"MSM0.60"
"MSM0.60_s5"	4	0	2	1	0	0	0	0	0	0	0	0	0	0	0	0	2	0	0	0	0	0	0	0	0	0	0	0	0	"MSM0.60"
"MSM0.61_s1"	1	0	0	1	0	0	0	1	0	0	0	0	1	0	0	0	1	0	0	0	0	0	0	0	0	0	3	0	0	"MSM0.61"
"MSM0.61_s2"	0	0	1	0	0	0	0	0	0	0	0	0	3	0	0	0	2	0	1	0	0	0	0	0	0	0	1	0	0	"MSM0.61"
"MSM0.62_s1"	2	0	1	0	0	0	0	0	0	0	0	0	0	0	0	0	1	0	0	0	0	0	0	0	0	0	3	0	0	"MSM0.62"
"MSM0.62_s2"	2	0	0	1	0	0	0	0	1	0	0	0	0	0	0	1	0	0	0	0	0	0	0	0	0	0	1	0	0	"MSM0.62"
"MSM0.63_s1"	3	0	1	0	0	0	0	0	0	0	0	0	4	1	1	2	0	0	0	0	0	0	0	1	0	0	1	0	0	"MSM0.63"
"MSM0.63_s2"	0	0	1	0	0	0	0	0	1	1	0	0	0	0	0	0	1	0	0	0	0	0	0	0	0	0	2	0	0	"MSM0.63"
"MSM0.63_s3"	1	1	1	0	0	0	0	0	0	0	0	0	0	1	1	0	1	0	0	0	0	0	0	0	0	0	2	0	0	"MSM0.63"
"MSM0.64_s1"	2	0	1	1	0	1	0	0	0	0	1	2	1	0	0	0	0	0	0	0	0	0	0	0	0	0	2	0	1	"MSM0.64"
"MSM0.64_s2"	3	0	1	1	0	0	0	0	0	0	0	0	1	1	0	0	1	0	0	0	0	0	0	1	0	0	0	0	0	"MSM0.64"
"MSM0.64_s3"	6	0	0	0	0	0	0	0	1	0	0	0	1	0	0	0	2	0	0	0	0	0	0	0	0	0	3	0	0	"MSM0.64"
"MSM0.65_s1"	1	1	0	0	0	0	0	0	0	0	0	1	2	0	0	1	1	0	1	0	0	0	0	0	0	0	1	0	0	"MSM0.65"
"MSM0.65_s3"	0	0	0	0	0	0	0	0	0	0	0	0	1	0	0	0	1	0	0	0	0	1	0	0	0	0	4	0	0	"MSM0.65"
"MSM0.65_s4"	1	0	1	0	0	0	0	1	0	0	0	1	1	0	0	0	2	0	0	0	0	0	0	0	0	0	3	1	0	"MSM0.65"
"MSM0.66_s1"	8	0	3	0	0	0	0	0	1	0	0	1	3	0	0	1	1	0	0	0	0	0	0	0	1	0	3	1	0	"MSM0.66"
"MSM0.66_s2"	0	0	2	0	0	0	0	0	1	0	0	0	1	0	0	0	1	0	0	0	0	0	0	0	0	0	3	0	0	"MSM0.66"
"MSM0.66_s3"	0	1	0	0	1	0	0	0	0	0	0	0	0	1	0	0	0	0	0	1	0	0	0	0	0	0	3	0	0	"MSM0.66"
"MSM0.67_s1"	4	0	1	0	0	0	0	0	0	0	0	0	3	0	0	0	4	0	0	0	0	0	0	0	0	0	3	1	0	"MSM0.67"
"MSM0.67_s2"	1	1	3	0	0	0	0	0	0	0	0	0	3	0	0	1	2	0	0	0	0	0	1	0	0	0	5	0	0	"MSM0.67"
"MSM0.67_s3"	1	0	0	0	0	0	0	1	0	0	0	0	3	0	0	0	1	0	0	0	0	0	0	1	0	0	3	0	0	"MSM0.67"
"MSM0.68_s1"	2	0	1	0	0	1	0	0	0	0	0	0	2	0	0	0	2	0	0	0	0	0	0	0	0	0	1	0	1	"MSM0.68"
"MSM0.68_s2"	2	1	0	1	0	0	0	0	0	0	0	0	0	0	0	0	1	0	0	0	0	0	1	0	0	0	3	0	0	"MSM0.68"
"MSM0.68_s3"	2	0	0	0	0	0	0	0	1	0	0	2	2	0	0	2	1	0	1	0	0	0	0	0	0	0	0	0	0	"MSM0.68"
"MSM0.69_s1"	0	0	0	0	0	0	0	0	1	0	0	0	1	0	0	0	1	0	0	0	0	0	0	0	0	0	3	0	0	"MSM0.69"
"MSM0.69_s3"	3	0	0	0	0	0	0	1	0	0	0	0	0	0	0	0	0	0	0	0	0	1	0	0	0	0	1	0	0	"MSM0.69"
"MSM0.7_s4"	4	0	1	0	1	1	0	0	0	0	0	0	0	0	0	0	2	0	0	0	0	1	0	0	0	0	4	1	0	"MSM0.7"
"MSM0.7_s5"	2	1	4	0	0	0	0	1	1	1	0	0	2	0	0	0	2	0	0	0	0	1	0	1	0	0	6	2	3	"MSM0.7"
"MSM0.7_s6"	2	0	0	0	0	0	0	0	1	0	0	0	3	1	0	0	0	0	0	0	0	0	0	0	0	0	3	1	0	"MSM0.7"
"MSM0.70_s1"	1	0	4	0	0	0	0	0	0	1	0	0	3	1	0	1	2	0	0	0	0	0	0	0	0	0	2	0	0	"MSM0.70"
"MSM0.70_s2"	1	1	2	1	0	0	0	1	2	0	0	1	0	0	0	1	3	0	0	0	0	2	0	0	0	0	2	0	0	"MSM0.70"
"MSM0.71_s1"	5	0	2	1	0	1	0	0	0	0	0	1	4	2	0	0	2	0	0	0	0	1	0	0	0	0	4	0	0	"MSM0.71"
"MSM0.71_s2"	6	1	1	1	1	1	0	0	0	0	0	0	2	0	2	1	0	0	0	1	0	0	0	0	0	0	1	1	0	"MSM0.71"
"MSM0.72_s1"	4	0	1	0	0	0	0	0	0	0	0	0	7	0	1	0	0	0	0	0	0	0	0	0	0	0	2	4	1	"MSM0.72"
"MSM0.72_s2"	2	0	1	0	0	1	0	1	1	0	1	0	5	0	0	0	2	0	0	0	0	0	0	0	0	0	1	0	0	"MSM0.72"
"MSM0.72_s3"	2	0	0	1	0	0	0	0	0	0	0	0	1	1	0	1	1	0	1	0	0	0	0	0	0	0	3	1	0	"MSM0.72"
"MSM0.73_s1"	0	1	2	0	0	0	0	0	1	0	0	0	1	0	0	0	1	0	1	0	0	1	0	0	0	0	3	0	0	"MSM0.73"
"MSM0.73_s2"	2	1	0	0	0	0	0	0	0	0	1	0	0	2	0	1	2	0	0	1	0	0	0	0	0	0	1	0	1	"MSM0.73"
"MSM0.74_s1"	4	0	2	0	0	0	0	0	0	0	0	0	2	1	0	0	1	0	0	0	0	0	0	0	0	0	2	0	0	"MSM0.74"
"MSM0.74_s2"	2	1	3	0	0	0	0	1	0	0	1	0	1	0	0	0	4	0	0	0	0	0	0	0	0	0	5	0	1	"MSM0.74"
"MSM0.74_s3"	2	0	1	0	1	1	0	0	0	0	0	0	2	1	0	1	0	0	0	0	0	0	0	0	0	0	2	0	0	"MSM0.74"
"MSM0.75_s1"	1	0	0	1	0	0	0	0	3	0	0	0	2	0	1	1	2	0	1	1	0	0	0	0	0	0	3	0	0	"MSM0.75"
"MSM0.75_s2"	4	1	1	0	0	0	0	1	4	0	0	0	1	0	0	0	1	0	0	0	0	1	2	0	0	0	5	0	0	"MSM0.75"
"MSM0.8_s1"	0	1	1	0	0	0	1	0	0	0	0	0	1	0	1	0	2	0	0	0	0	0	0	0	0	0	1	0	0	"MSM0.8"
"MSM0.8_s2"	0	0	1	0	1	0	0	0	0	0	0	0	2	0	0	1	0	0	0	0	0	0	0	0	0	0	4	0	0	"MSM0.8"
"MSM0.80_s1"	1	0	1	1	0	0	0	1	0	0	0	0	2	0	0	0	1	0	0	0	0	0	0	0	0	0	1	0	0	"MSM0.80"
"MSM0.80_s2"	2	0	0	0	0	0	0	0	1	0	0	0	0	0	0	0	0	0	0	0	0	0	0	0	0	0	3	0	0	"MSM0.80"
"MSM0.81_s1"	0	0	3	0	0	0	0	1	0	0	0	0	1	0	0	0	4	0	0	0	0	0	0	1	0	0	2	0	0	"MSM0.81"
"MSM0.81_s2"	0	0	1	0	0	0	1	0	0	0	0	0	1	0	0	0	0	0	0	0	0	0	0	0	0	0	2	0	0	"MSM0.81"
"MSM0.82_s1"	3	1	1	0	1	0	0	1	0	0	0	0	2	0	0	0	0	0	0	0	0	0	0	0	0	0	2	0	0	"MSM0.82"
"MSM0.82_s2"	4	0	0	0	0	0	0	1	0	0	0	0	0	0	0	1	3	0	1	0	0	0	0	0	0	0	1	0	0	"MSM0.82"
"MSM0.83_s1"	2	3	0	0	2	0	0	0	2	0	1	0	2	0	0	0	2	0	0	0	0	1	0	0	1	0	4	13	3	"MSM0.83"
"MSM0.83_s2"	3	1	1	0	2	1	0	1	1	0	1	0	2	1	0	1	0	0	0	0	0	0	0	1	0	0	9	5	0	"MSM0.83"
"MSM0.83_s3"	4	3	1	2	1	0	0	0	2	0	1	0	1	0	0	0	2	0	0	0	0	0	0	0	3	0	18	8	8	"MSM0.83"
"MSM0.84_s1"	3	1	1	0	0	0	0	0	0	1	0	0	1	0	0	0	1	0	1	0	0	0	1	0	0	0	4	1	0	"MSM0.84"
"MSM0.84_s2"	3	2	0	0	0	0	0	1	0	0	0	0	1	0	0	0	1	0	0	0	0	0	0	0	0	0	1	0	0	"MSM0.84"
"MSM0.85_s1"	2	0	2	1	0	0	0	0	1	0	0	0	1	0	0	1	2	0	0	0	0	0	0	1	0	0	2	0	0	"MSM0.85"
"MSM0.85_s2"	0	0	0	0	0	0	0	1	0	0	0	0	1	1	0	0	2	0	0	0	0	1	0	0	0	0	3	0	0	"MSM0.85"
"MSM0.86_s1"	0	0	1	0	0	0	0	0	0	0	0	0	2	0	0	0	1	0	0	0	0	0	0	0	0	0	2	0	0	"MSM0.86"
"MSM0.86_s2"	2	0	0	1	0	0	0	0	1	0	0	0	0	0	0	0	0	0	0	0	0	1	0	0	0	0	5	0	0	"MSM0.86"
"MSM0.87_s2"	2	1	9	0	2	2	0	11	0	1	0	0	5	0	0	1	1	1	0	0	0	1	0	1	1	2	3	1	0	"MSM0.87"
"MSM0.87_s3"	4	1	4	2	2	2	1	5	2	0	0	0	2	0	0	0	0	0	0	0	0	0	0	0	0	1	2	1	0	"MSM0.87"
"MSM0.87_s4"	3	1	5	2	2	4	0	8	0	0	0	0	1	0	1	0	2	0	1	0	0	0	0	0	0	0	2	0	0	"MSM0.87"
"MSM0.88_s1"	5	0	1	0	1	0	0	1	0	0	0	0	0	1	2	1	3	0	0	0	1	0	0	0	0	0	4	0	0	"MSM0.88"
"MSM0.88_s2"	1	0	0	1	0	0	0	1	1	0	0	1	3	1	1	0	3	0	0	0	0	1	1	0	0	0	1	0	0	"MSM0.88"
"MSM0.89_s1"	6	1	2	0	0	0	0	1	0	0	1	0	2	0	0	0	4	1	0	2	0	1	0	0	0	0	4	0	0	"MSM0.89"
"MSM0.89_s2"	1	1	2	1	0	0	0	0	0	0	0	0	3	1	0	0	2	0	0	0	0	1	0	0	0	0	4	0	0	"MSM0.89"
"MSM0.9_s2"	3	0	2	0	0	0	0	0	0	0	0	0	1	0	0	0	3	0	0	0	0	0	0	0	0	0	1	0	0	"MSM0.9"
"MSM0.9_s3"	0	0	2	0	0	0	0	0	0	0	0	0	3	0	0	0	0	0	0	0	0	0	0	0	0	0	2	0	1	"MSM0.9"
"MSM0.9_s6"	2	0	0	0	1	0	0	0	0	0	0	0	1	0	0	0	3	0	0	0	0	0	0	0	0	0	0	0	0	"MSM0.9"
"MSM0.90_s3"	5	0	1	2	2	1	0	1	1	0	1	0	2	0	0	0	4	0	0	0	0	0	0	0	0	1	2	1	0	"MSM0.90"
"MSM0.90_s4"	0	0	2	2	4	1	0	1	2	0	0	0	1	0	0	0	0	0	0	0	0	1	0	1	0	0	2	0	0	"MSM0.90"
"MSM0.90_s5"	2	0	2	0	1	4	0	1	3	0	0	1	2	1	0	0	1	0	0	0	0	1	0	0	0	0	2	1	0	"MSM0.90"
"MSM0.91_s1"	4	1	0	0	2	1	0	1	0	0	0	0	2	1	0	0	1	0	0	0	0	0	0	0	0	0	0	0	0	"MSM0.91"
"MSM0.91_s2"	0	0	0	1	0	0	0	2	0	0	0	0	2	0	0	0	1	0	0	0	0	0	0	0	0	0	0	0	0	"MSM0.91"
"MSM0.92_s1"	2	2	1	1	6	13	1	4	1	3	0	1	4	2	0	0	1	0	1	0	0	0	0	0	0	0	3	0	0	"MSM0.92"
"MSM0.92_s2"	5	2	1	2	5	4	0	5	1	0	0	0	2	2	0	1	0	0	0	1	0	2	0	0	0	0	3	1	1	"MSM0.92"
"MSM0.92_s3"	4	2	3	1	5	6	0	2	1	1	1	0	3	0	0	1	3	0	0	0	0	1	0	0	0	0	1	2	0	"MSM0.92"
"MSM0.93_s1"	2	1	3	0	1	2	0	3	1	5	0	1	3	0	1	0	0	0	0	1	0	1	0	0	0	0	3	0	2	"MSM0.93"
"MSM0.93_s2"	2	0	2	0	2	0	0	3	0	3	0	0	4	0	2	3	3	0	0	1	0	4	0	1	0	0	2	0	1	"MSM0.93"
"MSM0.94_s1"	1	0	2	0	2	1	1	2	0	4	0	0	2	0	1	0	0	0	0	0	0	0	2	0	0	0	5	0	0	"MSM0.94"
"MSM0.94_s2"	4	0	1	0	1	4	0	0	0	2	0	1	1	2	2	1	2	0	0	0	0	1	6	1	0	1	4	0	0	"MSM0.94"
"MSM0.95_s1"	3	3	15	2	9	4	0	24	1	0	0	1	4	9	0	0	0	0	1	0	0	2	0	0	0	1	2	0	0	"MSM0.95"
"MSM0.95_s2"	3	2	15	1	3	3	1	23	2	1	0	1	3	3	2	0	0	0	0	0	0	0	0	0	0	1	5	2	1	"MSM0.95"
"MSM0.95_s3"	5	0	19	1	5	1	0	27	1	0	0	0	3	3	0	0	1	0	0	0	0	0	1	0	0	0	3	1	0	"MSM0.95"
"MSM0.96_s1"	2	0	1	1	2	0	1	1	0	0	0	0	1	1	1	2	4	0	0	0	0	0	0	0	0	0	4	1	0	"MSM0.96"
"MSM0.96_s2"	1	0	0	1	0	0	0	0	1	0	0	1	2	0	1	0	2	0	0	0	0	0	0	0	0	0	5	1	0	"MSM0.96"
"MSM0.96_s3"	0	0	1	1	1	0	0	0	2	1	0	1	2	0	1	1	0	0	0	0	0	2	3	0	0	3	5	1	1	"MSM0.96"
"MSM0.97_s1"	1	0	1	0	0	0	0	1	1	0	0	0	1	0	0	1	2	0	0	0	0	0	0	0	0	0	3	0	0	"MSM0.97"
"MSM0.97_s2"	2	1	1	2	1	0	0	0	0	0	0	0	2	0	0	1	2	0	0	0	0	0	0	0	0	0	2	0	0	"MSM0.97"
"MSM0.97_s3"	3	0	1	0	0	0	0	0	0	1	0	0	3	0	0	0	2	0	0	0	0	0	1	0	0	0	3	0	0	"MSM0.97"
"MSM0.98_s1"	1	1	0	0	1	0	0	0	0	0	0	1	2	0	0	0	0	1	0	0	0	0	0	0	0	0	2	0	0	"MSM0.98"
"MSM0.98_s2"	0	0	0	0	0	0	0	0	0	0	0	0	1	0	0	0	0	0	0	0	0	1	0	0	0	0	4	0	1	"MSM0.98"
"MSM0.99_s1"	1	1	0	1	0	0	0	0	0	0	0	0	0	0	0	1	1	0	0	0	0	0	0	0	0	0	1	0	0	"MSM0.99"
"MSM0.99_s3"	1	1	0	1	0	0	0	0	0	0	0	0	3	0	0	1	1	0	1	0	0	0	0	0	0	0	3	0	0	"MSM0.99"
