targetfeature	centroid	sd	percentage	percentage_sd	targetstrand
C>A_-1	789.916809523809	20.8672383673913	0.507030840649447	0.0133942375752568	-1
C>A_1	377.039904761905	17.9994440156846	0.242013915345163	0.0115534612258687	1
C>G_-1	68.6873809523809	7.79669496268965	0.0440889725176114	0.00500453307684762	-1
C>G_1	39.3004285714286	6.65297585704481	0.0252261112767906	0.00427040404881551	1
C>T_-1	88.3184285714286	6.73741009631424	0.0566897254793257	0.00432460059559135	-1
C>T_1	49.5388095238095	9.37150172005177	0.0317979107860382	0.00601536812228373	1
T>A_-1	79.5503809523809	12.819022800814	0.0510617017412056	0.00822825875919692	-1
T>A_1	36.558	4.63916923861998	0.0234658045619218	0.0029777843066671	1
T>C_-1	7.33693333333333	2.32847479406856	0.0047094218415627	0.0014945985678914	-1
T>C_1	2.67157142857143	2.40004849424441	0.00171482501821958	0.00154054020748055	1
T>G_-1	11.7787142857143	2.17625017923501	0.00756050679521001	0.00139688881732523	-1
T>G_1	7.22919047619048	1.9848026482912	0.00464026398750456	0.00127400270908655	1
