targetfeature	centroid	sd	percentage	percentage_sd	targetstrand
C>A_-1	0.258142857142857	1.81045392376518	0.00519232681181172	0.0364157604589983	-1
C>A_1	3.54388571428571	5.47700263469404	0.0712822853823884	0.110165309020142	1
C>G_-1	6.06593333333333	1.7518022521094	0.122011155504872	0.0352360313327829	-1
C>G_1	2.2150380952381	2.33049831631714	0.0445536313434554	0.0468760167398278	1
C>T_-1	15.9323904761905	3.46868064460506	0.320466656181762	0.0697695985546025	-1
C>T_1	9.56606666666667	5.23859389512697	0.192413398482779	0.105369917412854	1
T>A_-1	5.90420952380952	2.45737701585122	0.118758216873941	0.0494280752423571	-1
T>A_1	5.00193333333333	1.71348737020637	0.100609688933553	0.0344653596558733	1
T>C_-1	0.501371428571429	1.55873034116455	0.0100846652898364	0.0313525519644116	-1
T>C_1	0.047	0.396927860359416	0.000945365534635339	0.00798387061532639	1
T>G_-1	0.438790476190476	0.984893704594992	0.00882590198120648	0.0198103098639026	-1
T>G_1	0.241457142857143	0.726680915376081	0.00485670767975881	0.0146165764271023	1
