targetfeature	centroid	sd	percentage	percentage_sd	targetstrand
C>A_-1	63.8091428571429	13.7245187154058	0.232853366389904	0.0500837378762212	-1
C>A_1	34.6744761904762	11.575559508756	0.126534664896461	0.0422417208376399	1
C>G_-1	6.49137142857143	1.71499090854775	0.0236884186489413	0.00625837283659298	-1
C>G_1	6.28320952380952	2.62696294181202	0.0229287908259118	0.00958635607677625	1
C>T_-1	65.1134285714286	14.762958256801	0.237612987123028	0.0538732284128297	-1
C>T_1	31.7304761904762	7.40499159805289	0.115791372008377	0.0270224162947294	1
T>A_-1	27.0520476190476	4.50774736890805	0.0987187740468151	0.0164497453293713	-1
T>A_1	20.7633333333333	6.84091516849645	0.0757698951538442	0.0249639793742166	1
T>C_-1	10.6277428571429	2.19918824562337	0.0387829328306822	0.00802531366805823	-1
T>C_1	2.35957142857143	2.64933087764136	0.00861058659901413	0.00966798151356853	1
T>G_-1	3.47393333333333	2.5500405968255	0.0126771342641569	0.00930564979898127	-1
T>G_1	1.65270476190476	1.76603722784105	0.0060310772128648	0.00644465189876234	1
