targetfeature	centroid	sd	percentage	percentage_sd	targetstrand
C>A_-1	60.9241428571429	6.89048545385517	0.0722691869574545	0.00817360340481011	-1
C>A_1	27.5765714285714	5.94039428693789	0.0327117674989722	0.00704659015606283	1
C>G_-1	10.0027142857143	2.52011149792265	0.0118653787299288	0.00298939632887507	-1
C>G_1	8.27411428571429	2.36549951738364	0.00981488592500608	0.00280599313921286	1
C>T_-1	39.3839285714286	9.14030299765215	0.0467178422800561	0.0108423727475989	-1
C>T_1	40.3191428571429	5.14123412113165	0.0478272083357764	0.00609861366065236	1
T>A_-1	289.807214285714	16.6873141698778	0.343773925551057	0.0197947573983683	-1
T>A_1	105.1495	7.29700253501368	0.124730008788165	0.00865582043014488	1
T>C_-1	169.788571428571	18.1002491424571	0.201405903084805	0.0214708033286573	-1
T>C_1	81.3107142857143	19.0902806111857	0.0964520621346667	0.0226451943984682	1
T>G_-1	8.82417142857143	3.14840413524104	0.0104673724538299	0.00373468704518149	-1
T>G_1	1.65607142857143	1.65630901662043	0.0019644582602822	0.0019647400910036	1
