targetfeature	centroid	sd	percentage	percentage_sd	targetstrand
C>A_-1	275.586142857143	15.0578923273998	0.545794690186902	0.0298219554600798	-1
C>A_1	84.2015714285714	7.57800673495108	0.166760092197126	0.0150081415388178	1
C>G_-1	35.569380952381	4.45498748247676	0.0704446858458633	0.00882304345050237	-1
C>G_1	15.8104285714286	3.0700006358149	0.0313123434814289	0.0060800954232549	1
C>T_-1	31.8920952380952	3.87064440504841	0.0631618704025713	0.00766575975836408	-1
C>T_1	11.2962761904762	3.3689217049037	0.0223721247364845	0.00667210462445131	1
T>A_-1	22.0220476190476	5.01674339286209	0.0436143723806531	0.00993559355875784	-1
T>A_1	8.4146	2.03948678503842	0.016665003372203	0.00403917644929393	1
T>C_-1	6.88271428571429	2.59616103902973	0.0136311240916191	0.00514166240465531	-1
T>C_1	4.74009523809524	2.27926234598619	0.00938769556811025	0.00451404875834802	1
T>G_-1	5.87772380952381	1.8136934325983	0.0116407538215236	0.00359199571820326	-1
T>G_1	2.63331428571429	1.70210975873553	0.00521524391551576	0.00337100573636146	1
