targetfeature	centroid	sd	percentage	percentage_sd	targetstrand
C>A_-1	13.6906857142857	7.98533990003992	0.0224235728589228	0.0130789541728334	-1
C>A_1	20.1590761904762	4.15975669436878	0.0330179600320555	0.0068131435676914	1
C>G_-1	2.82075238095238	2.04807828063297	0.00462002764881713	0.00335448738689761	-1
C>G_1	1.29846666666667	1.7906640604703	0.00212672049541689	0.00293287618047591	1
C>T_-1	50.7630952380952	5.7810529621453	0.0831433858296887	0.00946861720466569	-1
C>T_1	64.9261428571429	4.98328371267435	0.106340626407545	0.00816197433348696	1
T>A_-1	31.525380952381	6.02059305741429	0.0516344974564258	0.0098609529058127	-1
T>A_1	84.5133333333333	6.99023263140291	0.13842191159008	0.0114490971440184	1
T>C_-1	126.492238095238	10.8126733468141	0.207177929302482	0.0177097607564698	-1
T>C_1	188.693380952381	14.2188562356621	0.30905535807948	0.0232886478752648	1
T>G_-1	8.27506666666667	3.69697666229054	0.0135534891520314	0.00605516971718273	-1
T>G_1	17.3911904761905	3.73016535531905	0.0284845211470554	0.00610952850473715	1
