targetfeature	centroid	sd	percentage	percentage_sd	targetstrand
C>A_-1	91.4451428571429	20.2901462519079	0.283167921472891	0.0628302210595206	-1
C>A_1	74.7042380952381	13.1495926302642	0.231328238610676	0.0407188692257185	1
C>G_-1	10.934019047619	4.09082933138209	0.033858150912358	0.0126676125453427	-1
C>G_1	7.81831428571429	2.97981318877857	0.0242100972947913	0.0092272534186109	1
C>T_-1	26.9470952380952	8.84224794909291	0.0834440486382534	0.0273807978713983	-1
C>T_1	27.6648095238095	3.58092288039578	0.0856665139999687	0.0110886424069617	1
T>A_-1	17.714380952381	5.04735228594476	0.0548541374395465	0.0156295699377409	-1
T>A_1	20.5196666666667	5.61695915233571	0.0635409511951207	0.0173934076591668	1
T>C_-1	25.1905714285714	5.80842533876671	0.0780048182907484	0.0179862995323711	-1
T>C_1	15.1687142857143	2.62707934391265	0.0469712568814293	0.00813498206812637	1
T>G_-1	0.6394	1.23565465196667	0.00197995829338489	0.00382631322477483	-1
T>G_1	4.18974285714286	1.8617495721453	0.0129739069708322	0.00576507116918184	1
