targetfeature	centroid	sd	percentage	percentage_sd	targetstrand
C>A_-1	38.8991428571429	5.60952091957677	0.540018721590383	0.0778743718556799	-1
C>A_1	11.4024476190476	5.38010148350281	0.158294880914291	0.0746894484492276	1
C>G_-1	3.36991428571429	1.92011037456631	0.0467829538332985	0.0266559999430767	-1
C>G_1	0.0114190476190476	0.180510899951576	0.000158525330999305	0.00250594893010811	1
C>T_-1	0.464657142857143	1.83521058263055	0.00645061916107178	0.0254773755895063	-1
C>T_1	1.76433333333333	3.17292891607705	0.0244934196782954	0.0440482974971892	1
T>A_-1	12.668380952381	2.45060866238359	0.175869245028069	0.0340206611194185	-1
T>A_1	1.467	1.78320614553978	0.0203656791997313	0.0247554221588633	1
T>C_-1	0.752285714285714	1.82585100946915	0.0104436329404796	0.025347440985245	-1
T>C_1	0.147666666666667	0.713356878965168	0.00204998770404021	0.00990320201221963	1
T>G_-1	0.177447619047619	0.662605662548864	0.00246342282500337	0.0091986464617557	-1
T>G_1	0.908257142857143	1.42163478881686	0.0126089117943375	0.0197358950567294	1
