targetfeature	centroid	sd	percentage	percentage_sd	targetstrand
C>A_-1	29.359580952381	6.75668465473173	0.239907708767745	0.0552113034927842	-1
C>A_1	27.9785714285714	8.08761870039071	0.228622982627377	0.0660868448682866	1
C>G_-1	7.04625714285714	3.10653221192768	0.0575775045724597	0.0253845934104289	-1
C>G_1	3.01521904761905	2.52245883444136	0.0246384406616841	0.0206119195097949	1
C>T_-1	12.544780952381	3.30541417649311	0.102507922717299	0.0270097295631386	-1
C>T_1	10.8978761904762	3.27157214459855	0.0890504708337698	0.0267331941335275	1
T>A_-1	3.92161904761905	1.84687375107314	0.0320449614693133	0.0150914705057231	-1
T>A_1	5.679	1.69672694525997	0.0464051540892832	0.0138645668854072	1
T>C_-1	11.4965904761905	2.95630586295302	0.0939427808679354	0.0241570398142959	-1
T>C_1	7.21452380952381	2.96639781765886	0.058952472101031	0.0242395048104548	1
T>G_-1	2.12787619047619	2.313268908409	0.0173876426310908	0.0189025532918943	-1
T>G_1	1.09675238095238	1.35717744330212	0.00896195866101136	0.011089985628268	1
