targetfeature	centroid	sd	percentage	percentage_sd	targetstrand
C>A_-1	21.2425714285714	11.1799914741152	0.335296282332737	0.176466845851845	-1
C>A_1	35.7715714285714	6.66422844134985	0.564624436054283	0.105189290689887	1
C>G_-1	0.178971428571429	0.727306757134738	0.00282491481059902	0.011479930883262	-1
C>G_1	0.150609523809524	0.71911716830197	0.00237724578622887	0.011350665050324	1
C>T_-1	0.0154095238095238	0.345684314263927	0.000243226488056046	0.00545633874049452	-1
C>T_1	0.0588476190476191	0.621250591778643	0.000928860611680043	0.00980592272083514	1
T>A_-1	0.521961904761905	1.17628644694654	0.00823873356266975	0.0185667010204369	-1
T>A_1	1.2402	1.82226786607548	0.01957552317747	0.0287629792355421	1
T>C_-1	0.383819047619048	1.40131509386419	0.00605826371764321	0.0221185906296379	-1
T>C_1	0.00295238095238095	0.0933624833002093	4.66008722480682e-05	0.00147364897254427	1
T>G_-1	3.70466666666667	1.61412007168861	0.0584750751476646	0.0254775398117722	-1
T>G_1	0.0830476190476191	0.411346673627609	0.00131083743871985	0.00649276434734109	1
