targetfeature	centroid	sd	percentage	percentage_sd	targetstrand
C>A_-1	0.578733333333333	2.78492861053537	0.00233895146907607	0.0112552923595502	-1
C>A_1	2.50067619047619	5.03098154957183	0.0101064858588835	0.0203327180387034	1
C>G_-1	2.91442857142857	2.30771965239071	0.0117786666086743	0.00932665177601942	-1
C>G_1	0.338038095238095	1.04403313868532	0.00136618137218204	0.00421946119714112	1
C>T_-1	61.6127619047619	6.70194058188512	0.249008052017585	0.0270859009958427	-1
C>T_1	56.7871428571429	4.51170205747847	0.229505306779772	0.0182340493411579	1
T>A_-1	37.1667142857143	11.6546949921396	0.150209320895004	0.0471024639560508	-1
T>A_1	32.7276666666667	17.0808160730735	0.132268904554945	0.0690321388903354	1
T>C_-1	16.9705714285714	5.57129426293466	0.0685865850257761	0.0225163925255375	-1
T>C_1	12.1458095238095	4.74880082611988	0.0490873039318611	0.0191922843023893	1
T>G_-1	12.1728285714286	5.85066561182093	0.0491965014456065	0.0236454721711348	-1
T>G_1	11.5174380952381	5.18113091284513	0.0465477400406344	0.020939546872609	1
