targetfeature	centroid	sd	percentage	percentage_sd	targetstrand
C>A_-1	0.356819047619048	2.19397389314506	0.011142556679348	0.0685122574607578	-1
C>A_1	0.189409523809524	1.36766068618374	0.00591478052738144	0.0427085852495975	1
C>G_-1	0.0919047619047619	0.527499149628251	0.00286995334318337	0.0164724647191926	-1
C>G_1	0.168990476190476	0.716390084687278	0.00527714529755914	0.0223710510310907	1
C>T_-1	12.4268952380952	3.12119226627708	0.388060518245171	0.0974669428837925	-1
C>T_1	14.0768476190476	7.93976401240386	0.439584359378829	0.247938755285593	1
T>A_-1	0.587095238095238	1.31204114693314	0.0183334998798486	0.040971727666701	-1
T>A_1	1.90646666666667	2.32280727048932	0.0595341337083009	0.0725353980941663	1
T>C_-1	0.777933333333333	1.85118605042425	0.0242928910809583	0.0578078598340205	-1
T>C_1	1.08333333333333	1.88276992762742	0.0338297609105812	0.0587941444627087	1
T>G_-1	0.293314285714286	0.84693688180661	0.00915946352988201	0.0264476974318807	-1
T>G_1	0.0640761904761905	0.376611429308369	0.00200093741895728	0.0117606227166409	1
