targetfeature	centroid	sd	percentage	percentage_sd	targetstrand
C>A_-1	240.19980952381	38.828176283412	0.514294507115789	0.0831354438767902	-1
C>A_1	95.9015714285714	15.9060647590264	0.205335930562417	0.0340566537151413	1
C>G_-1	30.5440476190476	5.42280202310409	0.0653982030489587	0.0116108222533056	-1
C>G_1	9.08490476190476	2.94776763503762	0.019451791514658	0.00631149835613536	1
C>T_-1	17.4343904761905	3.5724265180763	0.0373289690553556	0.00764896249902857	-1
C>T_1	12.5152476190476	4.68380448419062	0.0267965370931409	0.0100285463314856	1
T>A_-1	35.317380952381	7.15246962318607	0.0756184406038211	0.0153142329580095	-1
T>A_1	18.6523333333333	5.69416624238022	0.0399367201716086	0.0121918432277942	1
T>C_-1	0.76832380952381	1.94052146540752	0.00164506672885269	0.00415487228144719	-1
T>C_1	2.18833333333333	2.30232584047182	0.00468546505221171	0.00492953568819558	1
T>G_-1	1.13582857142857	1.42849393170481	0.00243193529782123	0.00305856438429522	-1
T>G_1	3.30502857142857	2.26003966177311	0.00707643375536471	0.00483899627655002	1
