targetfeature	centroid	sd	percentage	percentage_sd	targetstrand
C>A_-1	0.0125571428571429	0.397091723326858	0.000215094284218099	0.00680187849812803	-1
C>A_1	0.318028571428571	1.86317971601356	0.00544758697982176	0.0319148481421994	1
C>G_-1	1.36945714285714	1.76479807864266	0.0234577568529186	0.0302296456951745	-1
C>G_1	0.736157142857143	1.5591950681313	0.0126098106485129	0.0267078228663555	1
C>T_-1	3.51344285714286	4.8079703544995	0.0601825976733601	0.0823568668213923	-1
C>T_1	7.6051	6.61240755231585	0.130269565259948	0.113265500409171	1
T>A_-1	20.3807142857143	4.34227248457882	0.349106098498011	0.0743798173339363	-1
T>A_1	8.3321	2.2335371674271	0.142722521032257	0.0382587889432966	1
T>C_-1	11.6335142857143	4.51546115556391	0.199273230916806	0.0773464072377083	-1
T>C_1	3.65421428571429	3.27307621676885	0.062593904927837	0.056065300367011	1
T>G_-1	0.8183	1.38904962278849	0.0140168551698486	0.023793361097836	-1
T>G_1	0.00612857142857143	0.111779833878362	0.000104977756461393	0.00191470333909658	1
