targetfeature	centroid	sd	percentage	percentage_sd	targetstrand
C>A_-1	30.9494571428571	22.2540558158863	0.412694881026922	0.296746236126578	-1
C>A_1	21.3606285714286	16.0655117726861	0.284832849450496	0.214225226602899	1
C>G_-1	7.89665714285714	5.73173129252691	0.105297807487843	0.0764296495712077	-1
C>G_1	8.03762857142857	6.39983803822307	0.107177588017561	0.0853385048269127	1
C>T_-1	0.197785714285714	1.24726261319386	0.00263736941973491	0.0166315969092907	-1
C>T_1	6.029	5.705111130144	0.0803935728574017	0.0760746835794999	1
T>A_-1	0.00755714285714286	0.140235605338289	0.000100770561432992	0.00186996871039403	-1
T>A_1	0.3095	1.00083036095605	0.00412702119744001	0.0133455512591507	1
T>C_-1	0.172171428571429	0.927732881668155	0.00229581626916903	0.012370834469165	-1
T>C_1	0.0307857142857143	0.347651948338141	0.000410511455365023	0.00463575754482336	1
T>G_-1	0.00238571428571429	0.0754429098925885	3.18122566338556e-05	0.00100599188472785	-1
T>G_1	0	0	0	0	1
