targetfeature	centroid	sd	percentage	percentage_sd	targetstrand
C>A_-1	6.30445714285714	7.43506638724867	0.151300469831239	0.178433925733274	-1
C>A_1	2.28337142857143	4.61309972552611	0.0547985595133283	0.110709636061408	1
C>G_-1	1.14158571428571	1.78692583404722	0.0273968798597912	0.0428843772141811	-1
C>G_1	0.567057142857143	1.30393545426658	0.0136087866395684	0.0312931061929203	1
C>T_-1	9.5701	4.29219012030991	0.229672530643255	0.103008136480659	-1
C>T_1	0.670385714285714	2.00252897608378	0.0160885657942013	0.0480586302780125	1
T>A_-1	8.71402857142857	2.62317002019167	0.209127699198297	0.0629533752881306	-1
T>A_1	3.0193	2.82114451355587	0.0724600862865779	0.0677045589637213	1
T>C_-1	8.72711428571429	3.15169180632536	0.20944174284625	0.0756373531066922	-1
T>C_1	0.0199285714285714	0.281801092498387	0.000478265162548444	0.00676293560695691	1
T>G_-1	0	0	0	0	-1
T>G_1	0.651128571428571	1.1853447328981	0.015626414224943	0.0284470511791267	1
