targetfeature	centroid	sd	percentage	percentage_sd	targetstrand
C>A_-1	17.6600380952381	5.99353313234179	0.0897665179985039	0.0304653136588681	-1
C>A_1	9.93091428571429	9.6483934029443	0.0504791434289458	0.049043081073284	1
C>G_-1	3.98544761904762	2.85023384447773	0.0202581530967252	0.0144878264882817	-1
C>G_1	3.21499047619048	3.25740839345904	0.0163418956906888	0.0165575072716725	1
C>T_-1	40.1250952380952	8.3989136516758	0.203957095927974	0.0426919369830992	-1
C>T_1	33.1144761904762	8.19127101986749	0.16832190321067	0.0416364830851541	1
T>A_-1	18.6319523809524	8.53724496420184	0.0947067882714824	0.0433950793086513	-1
T>A_1	23.1747333333333	13.2608408626614	0.117797883881017	0.0674052628626188	1
T>C_-1	14.0579047619048	3.66101508818529	0.0714567632315044	0.0186090525419078	-1
T>C_1	13.6891904761905	4.29071776583136	0.0695825771518152	0.0218098506626018	1
T>G_-1	8.72729523809524	3.49671273834254	0.0443611107090407	0.0177738986331327	-1
T>G_1	10.420980952381	3.47232223725214	0.0529701674016326	0.0176499209642671	1
