targetfeature	centroid	sd	percentage	percentage_sd	targetstrand
C>A_-1	69.6081428571429	5.08941942454813	0.517817519866301	0.0378603771887367	-1
C>A_1	34.4072380952381	7.09409174547727	0.255956702256671	0.0527732078829638	1
C>G_-1	9.67311428571429	3.09250682930255	0.0719586508591627	0.0230052713775961	-1
C>G_1	0.0620952380952381	0.442741482154112	0.000461928746640655	0.00329357007414323	1
C>T_-1	9.84199047619048	4.02863508193969	0.0732149270149038	0.0299691636775556	-1
C>T_1	5.01386666666667	3.88203683509529	0.0372983374603455	0.028878613959062	1
T>A_-1	2.66842857142857	2.16217940080324	0.0198505377112748	0.0160845316204992	-1
T>A_1	2.09233333333333	2.12839641362124	0.0155649441707391	0.0158332187436112	1
T>C_-1	0.0636	0.537301830507388	0.000473122725470291	0.00399700796304767	-1
T>C_1	0.570952380952381	1.41042215353965	0.00424733563820664	0.0104921819708546	1
T>G_-1	0.0282952380952381	0.257935226916046	0.000210489310777513	0.00191878958417166	-1
T>G_1	0.395952380952381	0.899098906514908	0.00294550423950694	0.00668842964021527	1
