targetfeature	centroid	sd	percentage	percentage_sd	targetstrand
C>A_-1	11.1085523809524	9.10754624025247	0.296837267799642	0.243367366836296	-1
C>A_1	5.38354285714286	6.77984031647455	0.143856381821333	0.181167555109249	1
C>G_-1	1.6415619047619	1.91931206839014	0.0438650090509564	0.0512869121824281	-1
C>G_1	0.30372380952381	0.944931306255057	0.00811595810983761	0.0252499891604283	1
C>T_-1	9.31575238095238	5.90071490765015	0.24893094882475	0.15767599874263	-1
C>T_1	7.62079047619048	4.24813720996069	0.203639011263497	0.113516631096321	1
T>A_-1	1.60578095238095	2.02039898023656	0.0429088880569876	0.0539881068740286	-1
T>A_1	0.0399333333333333	0.336158855467832	0.00106707887349249	0.00898267143924391	1
T>C_-1	0.00482857142857143	0.152692835590987	0.000129026708528665	0.00408018277945256	-1
T>C_1	0.398571428571429	1.18001803203791	0.0106504294909756	0.0315318609097122	1
T>G_-1	0	0	0	0	-1
T>G_1	0	0	0	0	1
