targetfeature	centroid	sd	percentage	percentage_sd	targetstrand
C>A_-1	18.1097619047619	8.773091316457	0.207073692436394	0.100314759660243	-1
C>A_1	3.73318095238095	5.70638292161806	0.0426865669691366	0.0652488855596009	1
C>G_-1	2.4099619047619	2.07501355939115	0.0275563926723339	0.0237264698375591	-1
C>G_1	2.50551428571429	2.33363320110423	0.0286489738144248	0.0266836221418102	1
C>T_-1	0.893190476190476	2.57400602729879	0.0102130691130262	0.0294321336320905	-1
C>T_1	0.518847619047619	1.78718496240963	0.00593269491079123	0.0204353315730589	1
T>A_-1	35.0567142857143	9.41432653457777	0.400851392194268	0.107646879487926	-1
T>A_1	13.0846666666667	3.26344969038278	0.149614901356247	0.0373154865879421	1
T>C_-1	5.90608571428571	4.0153605416416	0.0675323608965503	0.0459131123972696	-1
T>C_1	2.69252380952381	3.45945743421757	0.0307873096368205	0.0395567113746316	1
T>G_-1	2.50587619047619	1.69949141383952	0.0286531119668617	0.0194326112170011	-1
T>G_1	0.0393142857142857	0.284327890769884	0.00044953403314573	0.00325110989940128	1
