targetfeature	centroid	sd	percentage	percentage_sd	targetstrand
C>A_-1	23.6233047619048	4.49658115867864	0.0305947636902097	0.00582356445680167	-1
C>A_1	22.6605714285714	3.93727914376728	0.0293479187154321	0.00509920716851635	1
C>G_-1	7.03722857142857	2.81763121910338	0.00911398076377731	0.00364914063394044	-1
C>G_1	5.38851428571429	2.24270257621623	0.00697871541997813	0.00290454515311547	1
C>T_-1	173.919428571429	27.935104547255	0.225244684090937	0.0361790160563316	-1
C>T_1	190.695142857143	35.7735413093723	0.246971069094172	0.0463306490668138	1
T>A_-1	32.2660476190476	15.3945836718195	0.0417880610723755	0.0199376697839503	-1
T>A_1	39.9563333333333	16.7487848154065	0.0517478222704864	0.0216915083935199	1
T>C_-1	114.539238095238	10.2748816415715	0.148340842151414	0.0133070956386971	-1
T>C_1	113.351047619048	10.3391040749706	0.146802005515118	0.013390270714888	1
T>G_-1	24.564380952381	7.91077976159344	0.0318135602960314	0.010245325108007	-1
T>G_1	24.1343142857143	8.25545189226166	0.0312565769200678	0.0106917132190134	1
