targetfeature	centroid	sd	percentage	percentage_sd	targetstrand
C>A_-1	0.064952380952381	0.921009485088808	0.000527681089975584	0.0074823937451318	-1
C>A_1	0.031152380952381	0.570211580355124	0.000253085754444301	0.00463246864590053	1
C>G_-1	0.613152380952381	1.40708715297601	0.00498132496388828	0.0114313481921066	-1
C>G_1	0.326371428571429	1.00222196172367	0.00265148141823655	0.00814217384190329	1
C>T_-1	2.11641904761905	3.67983573841541	0.0171940472930695	0.0298954357778161	-1
C>T_1	1.38219047619048	2.9169356060181	0.011229084543718	0.0236975417591031	1
T>A_-1	2.36729523809524	2.39858338196628	0.0192321961599517	0.0194863848689582	-1
T>A_1	1.55386666666667	2.18684058977751	0.0126238029202429	0.0177661605178515	1
T>C_-1	56.0135714285714	5.10861860929217	0.455061107714024	0.0415030426366845	-1
T>C_1	54.5253809523809	5.20305129157332	0.442970866200889	0.0422702253016582	1
T>G_-1	1.35974285714286	1.67472341838802	0.0110467173400416	0.0136056579584129	-1
T>G_1	2.73612380952381	2.64615515735554	0.0222286046015184	0.0214976882633692	1
