targetfeature	centroid	sd	percentage	percentage_sd	targetstrand
C>A_-1	0.452333333333333	2.38147532223719	0.0458536236865174	0.241413279096371	-1
C>A_1	1.5278380952381	3.86009879174706	0.154878952998467	0.391303280890679	1
C>G_-1	0.7864	1.43775849539426	0.0797184001482917	0.145747465733019	-1
C>G_1	0.10112380952381	0.553087289341623	0.0102510532962089	0.0560671844464261	1
C>T_-1	0.0747142857142857	0.745718660629199	0.00757388520519485	0.0755944793821041	-1
C>T_1	1.29188571428571	2.89844025041532	0.130960150454337	0.293818692381134	1
T>A_-1	2.54859047619048	1.90029849313868	0.258353961590892	0.192635752387113	-1
T>A_1	2.4148	2.39898461818942	0.244791445419754	0.243188219407961	1
T>C_-1	0.0476190476190476	0.475633403120136	0.00482720535703942	0.0482155823420966	-1
T>C_1	0.310809523809524	1.01733243584037	0.0315071693653963	0.103128324267751	1
T>G_-1	0.168247619047619	0.670313440623197	0.0170554819674917	0.0679505532609083	-1
T>G_1	0.140361904761905	0.574815372599343	0.0142286705104094	0.0582697887643233	1
