targetfeature	centroid	sd	percentage	percentage_sd	targetstrand
C>A_-1	42.2448095238095	9.80248738178127	0.375740285544337	0.0871867916885595	-1
C>A_1	55.7302380952381	7.78178057302212	0.495684459496891	0.0692139102415116	1
C>G_-1	0.127095238095238	0.630929539189036	0.00113043002422144	0.00561171059558532	-1
C>G_1	0.524466666666667	1.26022435330331	0.00466479213217315	0.0112088813678574	1
C>T_-1	0.214695238095238	1.30240319829011	0.00190957542420562	0.011584034941466	-1
C>T_1	2.02166666666667	3.3233078296309	0.0179814187629529	0.0295586758925607	1
T>A_-1	2.97778095238095	1.88870649147534	0.0264854375708689	0.0167988239127085	-1
T>A_1	4.48693333333333	2.25173158100398	0.0399083729075609	0.0200276975266934	1
T>C_-1	0.0597714285714286	0.527095915740299	0.000531628237693052	0.00468817760387558	-1
T>C_1	0	0	0	0	1
T>G_-1	2.02390476190476	1.89137413218519	0.0180013251740202	0.0168225508532095	-1
T>G_1	2.01951428571429	2.01864058070205	0.0179622747250755	0.017954503683509	1
